1010100110
0010111111
0001000100
0000010011
00101100
0110100011
1011110101
11000100
111110011
10000101
0000001010
001110111
0001001
0000000000
0000101000
1011011001
11111111
101100101
100011100
1110101111
11010101
001000010
0101110110
1101011100
000111111
000000100
0111101
0101001110
1011010100
101101010
0010101100
111110
111101010
101101011
0100011101
0001101110
0100001101
0110000010
000011101
1110111000
1010110010
111010100
1110101000
101011001
10010011
1010010110
10111010
010011010
0000001101
0010010010
010100110
0010001001
010000111
111001110
1000011
1101011010
11010110
101100110
100011001
1001001100
1001100011
000011
0001011
00000011
1000100
0110101010
101001110
00001100
110111001
111011010
0011111
010011000
1010110111
1110111110
0110011010
0010101010
0001001111
00101
0101111001
1000011011
101011
0001100111
110110110
0001
1010101
00100100
1000110011
1001101010
000111100
0111011001
10010110
0001100000
011011010
011011011
100001
0101101
10001111
0110101110
000000000
1010010
101000001
0001011110
1111001101
1000001011
1010111000
1101111101
1010010011
0000110110
01010101
0010100100
011
1011110100
1101100110
1011000011
0010101011
0111100010
1010101010
100110010
0111011110
1001101110
0110100100
0000000110
100100101
1011101000
11100100
0011110011
10100010
11101010
101010001
101010000
0100010
1111011110
0110000000
1111000110
01010011
0110000110
1001100
1111111010
1001111111
10011110
010111100
100111101
101111
1010100001
1011100
0101011101
001000101
00010000
0101000000
11000110
0010101111
0110110001
1011101010
000011010
011010010
0111011000
11010010
1010111001
1001100010
0100110110
1011010000
10010001
001111011
01011000
0100101111
0101011000
0001000010
00010100
000101
011000100
001011001
11011011
1101110011
11000111
0011010001
1000111101
1111000010
0010110101
0110011011
011100100
1100011111
0101001010
1000000010
0111110100
010111000
0110100
111000111
00000000
1001000101
1110011001
100101110
01100111
110101010
0100100010
011000111
101111110
0000111110
110011000
11101101
000110111
00110
0011010
01001000
0110110100
0010100011
001011101
0100110111
0001000000
0001100100
001011100
1101010110
0100000111
011001
0101110101
0011010111
10010100
0010110010
1101010000
1000000110
1100101000
00110010
1001101
011000011
001011110
10110010
1110000001
000001000
110000000
100010101
1101111000
110010
1110001001
0011101110
110011
110100011
010110010
1100000111
1000000111
1010110100
011100000
0110101101
0010
011101
111001
1100010001
10000111
00001010
110110011
101110011
0001100101
1100001010
1101110000
1110110100
1000111011
1011001000
0101111010
1100100011
1011101
111011101
1010100010
0010001110
0101110010
0111111000
0110011111
1010101101
101100001
1010101100
0010001100
0011100010
1100010101
000010110
010101100
11001
0111010110
0001111100
0100111001
00101101
1111000111
0101011001
0111110001
00111100
0110001101
1110011000
0010010100
1111
001110010
0001100011
111100
1100010111
0101100100
0011111001
00000010
01011010
0111111111
100111011
1011001011
110011001
000
01111011
1000011111
001100001
0100000010
0101110001
0001100110
100111
0110
0010010001
1100110111
1101011
1011001
1110111001
0011110100
01110000
101001010
1111010
001100011
0110010001
1011001100
1000010001
1101011111
110110
0010111101
0010100010
0011000101
00100111
0011110010
001100101
0110010
0010111100
111111111
0111111
100010111
000110110
01000111
1010011000
10010000
0100110
10000001
0111110010
10001001
000000111
110001000
1111001111
101001101
0010101101
0010011001
1100011101
1000001101
000010001
1100011100
000000011
10110101
11101000
00101001
011101110
110010000
101101110
0111000000
00100
111110100
001101000
1000010101
01100101
1100101100
1100000000
111010
0100101110
101011011
1110100011
1000001100
1010000110
1011100011
0110101100
11011101
0000101010
1011011
1010101001
000100110
111011001
0011110000
00101111
110101111
1000111010
1011111
0000111
11110001
1010011100
0000110011
00
01011
1101100
1011011111
00010011
0100000001
0000100100
0001110
01000
1000110101
0010100
100001000
1010110001
0000101111
1110000000
11011110
00011000
100101011
111000000
101000
1100101111
0101110111
1000111110
11100110
010110100
111110110
1110110001
111010001
101111001
1000001110
10110001
10011001
110001
100011011
0100011010
1011000010
101110010
000101010
0101100011
100110
010011001
00001011
011100111
1110010110
1100100101
000110000
11111011
0111101110
1001100111
1110101
1001110101
010011
1111110001
100100111
1010101011
0000111101
0010100000
0101100110
1110011
0100001
1001001101
0001010000
1000101
1101110111
010111101
000100111
111001000
000100101
1101
11110111
011111000
101010110
000000
11001000
010101101
100100000
0110001110
0000000100
101001001
0111111100
0100011001
1001110
011110110
010010100
1011111101
1011100111
1100110000
100010110
101000110
110010110
101111010
0010010110
1111101010
01011011
10011101
1010
10110011
0101000011
1100110010
0011111100
0001010101
00001110
1100000011
1101110100
1001110110
10001110
0011101101
100000011
0010001000
1000001111
1001111101
0001010111
1110
100101100
0000001111
101010010
110111010
010011011
101100100
00111101
0110010011
110101000
0100100
111011110
111011000
0000110100
0100110001
100110011
1101111100
1001011010
011001000
1110111011
001001111
0000011
1000010
1011001010
1100010100
10011
010110001
00111000
01101001
1111010111
110011111
0101000010
100000000
10110110
1000100100
0000100011
000100100
1101000100
111101110
000011110
10000000
1111111101
1000101111
0111100110
0010000010
010101000
000100001
011010001
0111000010
01111010
0000111000
101001011
10111000
0010000001
001000110
000100010
110000010
01100110
0010000000
1011100000
1111111100
100011111
0110011110
010001
10111111
1101100101
0110101001
111101100
00011100
1110010111
0001001101
0101100000
10100000
1101100111
1100101001
011011101
001111000
1010001100
01110101
01001
00110011
11100000
1101100100
110010101
01101111
000011000
0000001
01110100
1110000101
01111
0001100010
1101000110
01110110
1100000101
1000010111
1000010110
111110010
111010110
111101011
0001111101
0100010101
1000100111
0100100011
0011101010
001111111
0011101001
0110011100
1110000010
0110000100
110100101
10101101
100001110
01011101
01100
101101000
1000010100
001110011
010001001
0110000001
0010011100
110000101
1000011110
1111001100
0100010010
1111011111
0110111110
000001010
1101010001
1110111100
100001001
0001111001
0000011101
1111100000
01
000001101
0100101
010001110
1001100000
1100000110
101110
1011010001
0101001001
1001110111
1100011011
1010011111
0101000
1101010101
011101100
0011001
0001010110
111111
001101111
110101
0111011010
1110001
0111000110
00000101
1011100001
0111101011
0010000101
001100111
1110110101
1001101000
010111011
000001
111100000
10100110
01110011
0000111111
0010100111
101001
10000011
1110101010
01000001
0011001010
0100011111
0101110
01001111
0101001101
001110101
1100010000
1000101100
1010100
100000010
010101
1010000010
1110101100
0011000110
1110001110
10101010
10101001
110100
111110000
1101011001
101000100
100110110
1001010010
111000010
0010101
0111001011
10101
000000110
0011010110
1101101
001001000
1100111111
0001010100
100010000
111
1101010111
1100111000
1010001010
100111010
110100100
01000100
0111100100
0011
0110010010
001101011
1100000
00010
1010001000
0000110111
0000100111
01001001
0010000110
11110100
0111011101
1000111001
0001111000
1011110111
0010000011
0010101001
001010111
1100010110
1001110011
0100011011
11011000
1101100000
1100001100
0011001100
1101000000
0101000100
1010001001
0010010111
1111000
001001101
0111100101
011110001
001101101
000110010
0110101011
001010001
1110000100
0000111001
101000111
1111011010
1010001
1111111
0
101000011
1001010
0111100011
1100001111
001000
1111110010
00010101
1001010000
1111110011
110010011
0110011
1111001000
011001011
0101011011
0000010
1100111100
0001110011
1000001
01100100
1000110100
0100100101
1010111110
00011001
000010
1010111010
100110101
111000011
1000000000
11110
10110100
1101001010
01001101
0001011111
1110110011
0110100101
1100100110
100111110
10010
000101101
1111100011
000101111
11110110
1110011111
0110100001
0110101111
111010010
01010000
0111101010
0010010011
1110000
10101100
000000001
1111011011
000000010
110101101
010010011
1111111011
111101000
011110101
1011111110
1000110001
1010111101
110011100
10100001
1110100100
1100101010
0011000111
0111001000
100100001
0111000100
000111101
1101101110
00100011
000111011
1010010101
01100001
01010111
0101010111
0011100000
0000111011
100001010
00000
101010
010100101
11010011
0110111111
1111101111
001010000
0111100000
1100100010
111110111
1101001000
001101001
001100
1100111011
1001001110
1001010011
01001011
100010011
1010000000
0010011101
010100111
11001101
1100111
101111000
1010001011
100100010
000111001
0101
011111
000001110
1100011110
110001101
000010011
1111101000
1110000110
0011110
111000101
00001001
1000111
1011111010
1001010101
01101010
1101000001
0000000101
01000011
1101110110
01000101
101100000
1111101011
00011011
0110111101
011111010
0100010100
111001101
1101011000
110001110
01000010
101000010
1011000101
01010
001011011
10011011
000011100
0011110001
0011110101
1101101010
0010011110
0000001100
1101011101
0000101110
1001000001
111000100
1111001001
000010010
0111001
0001000
011000001
0011000010
1100110011
1011100010
100000001
01011110
00111001
1011110000
1000000011
00010111
011010100
01110001
010110101
1110111111
0011101
0010001010
1101001001
10100
00001101
00110000
011100011
11111000
0010111001
0110111001
011000010
0011011100
1010110
11000
01001010
101110000
0011010000
01011001
1001101101
000010101
0001111010
011100101
1011010011
110100000
0011000000
111111100
1111101101
1001000110
010111001
1010100100
1110100000
0110001100
0001100001
111010011
010010000
1010111
101011010
011110011
00010010
1000011001
1110110
0100100100
0101111100
0100101000
0101110000
0110100000
1101001011
001010011
10101111
101001111
0100101101
0101011100
1110100101
0101101110
0101101111
1111100010
0100011
0011000100
00111011
10111100
1010111111
1110110000
011111110
010010110
0110011001
0011011011
0001111011
1001011110
1111111110
011010
010101001
0001101000
0101010011
110111101
100101010
101010100
11001111
1011011110
1100111010
001111110
1100101
100100
11000000
1000100001
0000110
0011010100
0100000000
1001010001
0011111111
1110100111
000111010
1010010010
00001
1011101001
0101100
0101101101
0110100111
0011110111
1110001010
100010001
0111001100
10011000
0100001110
00110110
0000011110
0100011110
1001001
1100100100
0100001000
0111111010
0011100100
0110010100
110001001
0100000
0110001
111111011
1110101001
00111110
1111001010
1011110
100110000
0001010011
001101100
00010110
000011111
0010011000
0001011010
1011101101
0010110111
101011101
1000110
1110001011
1100000100
1011011100
11001010
010111110
0000101
1101000011
0101010101
1000101101
100001011
1000101110
1001011011
101110101
1111010110
000100000
1111110
01111100
1101101011
110011010
1110001100
1011010111
1001110010
1111010011
1001100100
0110001001
0001001000
111111010
001111100
111100100
1110011110
001101110
0011111010
111010111
001100100
10
001111001
0000001110
110010010
010110
001011111
011110
1111101100
001110001
00111010
0111100
0100110101
10011111
1000011010
00110100
111001011
1110001111
111101111
0101010001
010101110
001010
111100001
110000011
0010010101
0100101100
0000100
0110000101
1001001111
1111010000
0010110110
110010111
1000000100
0000100110
000110
0111111101
101011111
1101101101
1000001001
001000000
0101010
1001010100
1111101
01110111
1110100
0001011100
0101101001
00100010
011001100
0111010001
0110001010
0010011111
0000011100
000001111
011110010
1010011110
111011011
0110010000
0010111110
000101000
1101110001
010111010
011110100
101100
100011110
0111001010
010110110
0111101100
1100
1110011101
111010000
100001100
1000000101
0010001111
0000011011
01001110
0000100001
110001100
101000000
0101001011
11111101
11100101
011101001
001000111
1010111100
111100010
1111100110
011111101
0010111000
0101000111
1101010011
1000100110
1011010010
01101100
101
1101111110
1011
1000001010
0000010100
0011001001
001110110
0101011
001000100
1001001011
0111010101
1111110110
0000
0011110110
011101010
010001111
001001110
001100000
0100000100
0010011011
0110100010
0111011100
0111011111
0100001111
0000010001
1010001110
0101101011
1000110111
00110001
1001101100
110111111
00101000
00110101
011110000
1100001011
110000100
0010110011
000010000
010001010
1111111001
111001001
10001011
0110010110
011010000
0110011000
0001101100
1101001100
1011111001
1111111111
11000011
000110001
001010101
01010001
110010100
1100110
0001001001
1010100101
1001110000
101011100
0001101101
110111100
1010100111
0100001011
0011011000
1000011101
010100001
11011111
0000100101
1011001110
1000
1100001110
110101100
10010101
01111000
0101100111
01111101
011000
1011000
11101
100000101
111111000
0000100010
0000000001
0101100001
1010001101
10110
11111010
000011001
110001011
0001101011
0110101
0010110100
11101001
1010110110
0101001100
111111110
1001111100
111100111
1101100011
1011010110
0111000111
110100001
001011
010111
1010101111
0101011010
001010010
1001100110
0100111011
1111001
11100011
0010011
0100011100
00100001
11001100
01010110
1010010111
0100010011
0001111111
0011100001
0101011110
101000101
110111000
101111100
0100101001
110100010
1000111100
0000110001
0000101001
010100010
110101001
1010000
1110111
1110011100
01000110
1010000101
101100011
0010101110
1100011001
1001110100
001110000
11110011
111000110
010001000
11001011
001111101
1000010011
101010111
110000001
1001011111
110110111
1101000111
0111010000
0001001010
10111001
0001011001
1001000000
1001010111
1011110110
0110000
0110001000
001001
11100010
10101000
0100011000
1000111000
1111010101
0011011110
1010110101
0110010111
00011010
110000111
0011011010
0111110110
1111101001
0110010101
100100100
0110000011
0111110011
010011101
1100110101
1101001110
0010110001
0001000110
01111001
1010000011
0111010
1001010110
000111110
00111
00100101
1001111001
001100110
0100110010
001110
0000110101
01111111
1011001111
0011000
110110000
101010101
0010111011
1011111111
1001111000
001011000
100101101
100011101
0100110011
0111011011
0111101101
11000101
1100110001
0110011101
0111
110000110
0101000001
1111011101
0000010000
011011100
111011
1110111101
101111011
1110010000
0101110100
01010100
110111110
10000010
100001111
1101101100
1101000
000010100
00011111
0011001110
0011111000
010101111
1001000010
10100100
01100000
01101011
0001010010
000111
011011001
001
111101001
101101111
0111000011
011000101
11010100
0011101100
0001001100
010001011
011001001
0011001101
1111001110
1000010010
1001011100
0111111011
0111100111
0011011101
0010001011
1010100011
1001011000
1110000111
010100
01010010
00101010
110101011
101001000
0111111001
0000110000
0010000100
01101110
0001111110
101010011
011000000
01011100
01101000
1111101110
10101011
0011101011
1010111011
0000111010
111100011
0000110010
010011100
0000100000
0001101111
00101110
0111101111
0001000001
0111000001
1111011000
1010011011
110100110
1100011
1110010001
011001010
0000010101
111111001
1011100110
010000011
0010100101
111101
0011001000
11010001
0100101011
1111110111
1011011011
100111001
100101111
0101111111
1000100000
0110111
0000000
0111000101
0100000101
0011011
101101
001101010
1110000011
0001001110
0001101001
0100100111
100111111
010000101
101100111
100010100
11100001
1111100101
111001100
110010001
0110110
0011001011
1010101110
01100011
1111000100
110000
1001000
0001110110
01110
1111000011
010001100
0100111110
1011000111
01000000
110110100
11011
1101011110
0110110000
100101000
110011110
1101111
1101001
010010
11111100
1100011000
0111111110
010011111
1100010
0000011000
0011111101
1000000
1100100001
000001011
1001011001
110001010
1110100110
11101110
000110100
1011011000
0111101000
110111011
000011011
100000111
10100101
1111001011
1000101001
111000
0101010010
0101000101
1111100111
101101100
100111000
100110100
11010000
0000011001
0100101010
001011010
0001110001
11101011
1110100001
011100010
00001000
0111110000
11110010
111001111
1100001101
010111111
1000100010
1100100000
1001110001
110110001
01101101
101100010
101101001
1111110000
010100100
0101011111
1001100101
101110110
0000011010
1010001111
1011101011
011111111
11001110
0010000
11111
11111001
0000001001
1111100
1111010100
0101111101
11100
00000111
0100001100
1101101000
1000000001
10001
011001111
11100111
000001001
1000011000
011001110
0101010110
1100100111
0111101001
0010110
1111110101
1110101110
001101
1001101011
1010011010
00000001
1011110010
111110001
0100010110
111111101
0000000011
100111100
1111100001
0000010110
1110101011
101011000
110100111
0111001110
011100001
0000000010
100110001
1110110110
111101101
1000001000
11101111
0000010111
0110100110
0101001
1110011011
1110001000
101011110
010101010
000100
011000110
1110010101
0001100
0001110100
0101010100
00110111
000101001
0100111000
1101111111
111010101
0011100111
101101101
01100010
010110111
111000001
0101100101
1010011
1010010000
11
010010010
0101101000
1000101011
10100011
10101110
0100111101
100011010
0000001000
0111001001
1101110101
1011000100
00100000
1110111010
110110010
1011000000
0010001
0010111
011111011
1011011101
1011001101
1100001
0111000
0010011010
010000100
010101011
1111011
10001010
0001011011
0011010101
100101
100000110
001111010
0101111110
0110111010
0100001001
10010010
1110010
101110001
1001
011011
100010010
10001000
1001111110
0001111
1001011
00100110
1100001001
0010000111
0001101010
0100111111
1101010
110110101
1010100000
0100100110
011011111
00101011
0100110000
11110000
1001011101
0110101000
0111100001
1011111011
1100110110
0001000111
100010
1011010101
11011100
0000101011
1110110111
0110110011
00011
1101110010
0011101000
110111
1110110010
0001010
1001111011
010010111
1001111
100011000
0110001011
1101110
1000010000
1010000001
0111010111
1011101111
001001011
1000101000
1011110011
00001111
0001011101
11010
0001101
1000011100
1100010010
1001000111
11110101
1100000001
111001010
100001101
10100111
00000110
0100010000
10110111
010110011
1000110000
0100010001
1100101101
10011010
010110000
0100000011
1011111100
001000011
011111100
1101111010
10001101
1001001001
11011001
1101101111
0011011111
10001100
0010110000
0111010100
0010010000
0100000110
1111010010
0010100001
1010000111
11111110
110011101
1000111111
1011010
0111001101
0011100101
010010001
100110111
10111011
0011100011
0010010
1010110011
1100111110
10110000
01110010
0101111
1000100011
1011001001
000111000
0111110
101110100
0010111010
11001001
0111110101
1011100100
111110101
110101110
1110010100
110011011
0011101111
0101101010
000110011
1100101110
011010111
011101011
011101101
000101011
010000110
1001001000
0001110010
1110101101
11000010
10011100
011101111
1111000000
111100110
0010001101
00011110
010011110
100000100
011011000
011010011
10111
00000100
011111001
010010101
0000010010
01001100
0110110110
1100010011
0111010011
1001111010
11010111
1111000101
010100011
1111110100
1100000010
0100100001
0001000101
0110110111
0110111011
001001100
1010011101
001001001
10000100
100000
001110100
00010001
010100000
1100011010
10111110
1111111000
01011111
1101000010
0011100
100100011
1101111011
011010101
110001111
000100011
0001110111
00111111
0001110000
010
0100010111
111100101
10010111
1011011010
10000
1000101010
1
0000001011
0111011
1001100001
010000001
0100111
101111101
0000000111
01111110
0011111110
1001101001
011001101
0111110111
11000001
1010011001
0001010001
0100001010
1001000100
1111011001
00011101
0110111100
1111010001
0000101100
100100110
1011101110
010000010
10000110
1100100
0101111011
000000101
0101101100
1010010100
001010110
1111011100
1010110000
0001001011
000101100
001111
001001010
011110111
1100001000
111011100
1100111101
0011100110
1101000101
1000100101
1000110110
001000001
011101000
1110100010
111011111
110
001010100
0110000111
0011010010
0101001111
100101001
11011010
000101110
001100010
010000
0100111010
11101100
1110010010
01101
000001100
1101001101
0101100010
0011001111
1111100100
101111111
1100101011
0001000011
10111101
1111000001
0111001111
010001101
011010110
011100110
000110101
011011110
100
100011
101110111
1110010011
0000101101
0110001111
0101111000
1011101100
000010111
010000000
101001100
011100
0100