0;1906;58,74,97,7,9,117,25,108,133,105,87,131,317,104,192,320,216,302,8,46,77,0
0;1906,2;77,0
0;1906,2,13;0
1;84;246,54,176,299,189,143,122,19,225,258,281,127,94,53,8,75,46,296,289,146,10,195,190,85,48,1,51,77,22,0
1;84,1899;296,190,10,85,195,1,77,51,22,0
1;84,1899,13;10,195,1,51,22,0
1;84,1899,13,16;1,22,0
2;72;250,2,223,113,41,26,268,107,197,33,243,17,176,299,189,143,122,19,225,281,127,53,8,75,46,280,30,84,296,289,146,10,195,190,85,48,1,51,77,22,0
2;72,708;2,41,26,107,197,33,127,53,243,8,17,122,143,75,46,280,30,84,296,190,85,77,1,22,0
3;1677;18,100,129,21,125,3,29,7,333,57,32,343,108,133,98,123,194,71,16,331,105,87,131,104,295,147,192,277,320,216,274,210,302,26,126,33,165,17,224,53,8,75,46,84,190,85,77,22,0
3;1677,16;3,7,57,32,108,133,71,194,16,331,105,131,87,104,295,147,192,216,320,274,210,302,26,126,33,165,224,17,53,8,75,46,84,190,85,77,22,0
4;682;180,82,290,83,130,4,20,158,69,159,106,42,23,176,189,143,122,225,258,281,94,75,46,56,296,289,146,10,195,190,85,48,1,51,77,22,0
4;682,388;4,42,23,20,94,281,56,195,10,51,22,0
5;834;246,54,176,299,189,143,122,19,225,258,281,127,94,53,8,75,46,182,5,56,296,289,146,10,195,190,85,48,1,51,77,22,0
5;834,297;258,94,225,281,5,56,289,10,195,1,51,22,0
5;834,297,5;5,56,289,10,195,51,1,22,0
6;721;199,6,290,83,130,4,64,20,158,69,159,106,42,155,23,34,176,143,225,258,281,94,75,46,182,5,56,296,289,146,10,195,190,85,48,1,51,77,22,0
6;721,297;6,130,4,64,20,106,42,23,258,94,34,225,281,5,56,289,195,10,1,51,22,0
7;1906;58,74,97,7,9,117,25,108,133,105,87,131,317,104,192,320,216,302,8,46,77,0
7;1906,16;7,108,133,105,131,87,104,192,216,320,302,8,46,77,0
8;1906;58,74,97,7,9,117,25,108,133,105,87,131,317,104,192,320,216,302,8,46,77,0
8;1906,1;8,77,0
9;1906;58,74,97,7,9,117,25,108,133,105,87,131,317,104,192,320,216,302,8,46,77,0
9;1906,532;9,25,131,104,317,216,320,302,46,77,0
10;84;246,54,176,299,189,143,122,19,225,258,281,127,94,53,8,75,46,296,289,146,10,195,190,85,48,1,51,77,22,0
10;84,388;94,281,10,195,51,22,0
10;84,388,110;10,51,22,0
11;264;149,11,246,54,176,299,189,143,122,19,225,258,281,127,94,53,8,75,46,280,30,84,296,289,146,10,195,190,85,48,1,51,77,22,0
11;264,27;149,11,189,122,280,30,84,296,289,146,190,85,10,195,48,77,1,51,22,0
11;264,27,284;11,189,122,280,30,84,296,190,85,48,1,77,22,0
12;759;40,74,12,86,110,117,25,108,133,132,264,135,87,317,104,192,320,216,324,302,80,23,51,0
12;759,13;12,117,25,132,264,87,135,317,104,192,320,216,324,302,80,23,51,0
13;1189;45,13,118,313,342,304,343,124,329,327,120,71,16,312,177,152,297,228,259,183,204,216,322,167,274,210,246,54,299,143,122,19,225,258,281,127,94,53,8,75,46,289,10,195,190,85,1,51,77,22,0
13;1189,1957;13,118,120,16,152,312,297,228,177,274,210,122,75,46,190,195,85,1,77,51,22,0
14;108;239,226,246,54,170,148,140,251,14,80,286,224,175,301,299,189,122,19,258,127,94,53,8,296,289,146,10,195,190,85,48,1,51,77,22,0
14;108,388;14,80,94,10,195,51,22,0
15;1096;73,72,100,21,334,37,15,110,9,333,134,32,341,304,25,133,98,123,71,16,293,27,186,264,135,131,317,104,295,204,192,277,320,216,275,274,210,302,88,69,42,17,23,281,75,46,195,85,51,77,22,0
15;1096,532;15,9,134,25,123,27,293,135,186,131,104,317,204,277,320,216,275,210,302,69,42,23,281,75,46,195,85,51,77,22,0
16;541;120,16,242,173,274,149,11,234,314,203,145,28,126,246,54,349,165,286,224,176,299,189,143,122,19,258,127,94,53,8,75,46,280,30,84,296,289,146,10,195,190,85,48,1,51,77,22,0
16;541,388;16,274,94,10,195,22,51,0
17;116;347,88,158,69,159,106,243,42,155,17,23,34,176,143,225,281,75,46,296,289,146,10,195,190,85,48,1,51,77,22,0
17;116,1677;17,75,46,85,190,77,22,0
18;1677;18,100,129,21,125,3,29,7,333,57,32,343,108,133,98,123,194,71,16,331,105,87,131,104,295,147,192,277,320,216,274,210,302,26,126,33,165,17,224,53,8,75,46,84,190,85,77,22,0
19;84;246,54,176,299,189,143,122,19,225,258,281,127,94,53,8,75,46,296,289,146,10,195,190,85,48,1,51,77,22,0
19;84,633;54,19,53,8,94,190,10,77,51,22,0
19;84,633,1;19,53,8,190,10,77,51,22,0
20;682;180,82,290,83,130,4,20,158,69,159,106,42,23,176,189,143,122,225,258,281,94,75,46,56,296,289,146,10,195,190,85,48,1,51,77,22,0
20;682,388;4,42,23,20,94,281,56,195,10,51,22,0
20;682,388,5;20,56,195,10,51,22,0
21;1677;18,100,129,21,125,3,29,7,333,57,32,343,108,133,98,123,194,71,16,331,105,87,131,104,295,147,192,277,320,216,274,210,302,26,126,33,165,17,224,53,8,75,46,84,190,85,77,22,0
21;1677,388;21,71,98,16,123,87,104,192,216,320,277,274,210,302,22,0
22;84;246,54,176,299,189,143,122,19,225,258,281,127,94,53,8,75,46,296,289,146,10,195,190,85,48,1,51,77,22,0
22;84,388;94,281,10,195,51,22,0
22;84,388,16;22,0
23;759;40,74,12,86,110,117,25,108,133,132,264,135,87,317,104,192,320,216,324,302,80,23,51,0
23;759,0;23,51,0
24;1163;24,101,67,151,121,265,91,29,68,278,166,99,168,267,119,262,254,340,123,120,257,16,27,315,135,218,131,242,177,228,104,147,277,320,171,332,346,173,284,291,275,79,274,210,302,180,82,63,83,130,4,11,272,28,126,33,20,349,165,158,69,159,106,42,286,23,224,175,301,189,122,258,94,75,46,30,56,84,296,289,10,195,190,85,48,1,51,77,22,0
25;1906;58,74,97,7,9,117,25,108,133,105,87,131,317,104,192,320,216,302,8,46,77,0
25;1906,13;117,25,87,104,317,192,216,320,302,0
25;1906,13,532;25,104,317,320,216,302,0
26;442;339,36,223,113,41,26,197,33,243,155,17,34,176,299,143,19,225,281,127,53,8,75,46,280,84,296,289,146,10,195,190,85,48,1,51,77,22,0
26;442,1677;26,33,53,8,17,75,46,84,190,85,77,22,0
27;1096;73,72,100,21,334,37,15,110,9,333,134,32,341,304,25,133,98,123,71,16,293,27,186,264,135,131,317,104,295,204,192,277,320,216,275,274,210,302,88,69,42,17,23,281,75,46,195,85,51,77,22,0
27;1096,402;27,135,131,104,320,275,210,302,69,42,23,75,46,195,85,51,77,22,0
28;20;28,126,246,54,349,165,286,224,175,301,299,189,122,19,258,127,94,53,8,75,46,30,84,296,289,146,10,195,190,85,48,1,51,77,22,0
29;1677;18,100,129,21,125,3,29,7,333,57,32,343,108,133,98,123,194,71,16,331,105,87,131,104,295,147,192,277,320,216,274,210,302,26,126,33,165,17,224,53,8,75,46,84,190,85,77,22,0
29;1677,227;29,123,131,104,147,320,277,210,302,126,33,165,224,75,46,84,190,85,77,22,0
30;1357;246,54,176,299,189,143,122,19,225,258,281,127,94,53,8,75,46,280,30,84,296,289,146,10,195,190,85,48,1,51,77,22,0
30;1357,1957;122,75,46,30,84,296,190,85,195,77,1,51,22,0
30;1357,1957,5;30,84,296,85,190,195,77,1,51,22,0
31;129;241,31,199,6,290,83,130,4,208,109,64,20,158,69,159,106,42,155,23,34,176,143,225,258,281,94,75,46,182,5,56,296,289,146,10,195,190,85,48,1,51,77,22,0
31;129,1201;31,199,6,83,130,4,64,109,20,159,106,42,23,155,34,258,94,225,281,182,5,56,289,195,10,48,1,51,22,0
32;1677;18,100,129,21,125,3,29,7,333,57,32,343,108,133,98,123,194,71,16,331,105,87,131,104,295,147,192,277,320,216,274,210,302,26,126,33,165,17,224,53,8,75,46,84,190,85,77,22,0
32;1677,31;32,133,16,131,104,295,147,192,320,274,210,302,126,33,165,224,17,75,46,84,190,85,77,22,0
33;442;339,36,223,113,41,26,197,33,243,155,17,34,176,299,143,19,225,281,127,53,8,75,46,280,84,296,289,146,10,195,190,85,48,1,51,77,22,0
33;442,1677;26,33,53,8,17,75,46,84,190,85,77,22,0
33;442,1677,4;33,84,190,85,77,22,0
34;116;347,88,158,69,159,106,243,42,155,17,23,34,176,143,225,281,75,46,296,289,146,10,195,190,85,48,1,51,77,22,0
34;116,110;243,17,34,143,296,85,10,190,1,51,77,22,0
34;116,110,13;34,10,1,51,22,0
35;708;35,81,95,188,45,13,90,118,3,311,7,248,172,253,205,57,32,108,133,162,238,124,194,327,120,71,16,331,105,87,312,131,177,152,297,228,104,295,183,147,192,320,216,322,167,274,210,302,2,41,26,107,145,28,126,197,33,349,165,243,286,17,224,143,122,127,53,8,75,46,280,30,84,296,190,85,1,77,22,0
36;442;339,36,223,113,41,26,197,33,243,155,17,34,176,299,143,19,225,281,127,53,8,75,46,280,84,296,289,146,10,195,190,85,48,1,51,77,22,0
36;442,110;36,41,26,197,33,19,127,53,8,243,17,143,34,280,84,296,190,85,10,77,1,51,22,0
37;1096;73,72,100,21,334,37,15,110,9,333,134,32,341,304,25,133,98,123,71,16,293,27,186,264,135,131,317,104,295,204,192,277,320,216,275,274,210,302,88,69,42,17,23,281,75,46,195,85,51,77,22,0
37;1096,31;37,110,341,32,133,16,27,135,264,131,104,295,192,320,275,210,274,302,88,69,42,23,17,75,46,195,85,51,77,22,0
38;633;89,115,129,21,60,38,86,97,96,57,343,117,108,98,65,123,71,16,331,132,105,87,317,256,147,192,277,320,216,300,324,274,210,302,226,54,148,14,80,224,19,94,53,8,10,190,51,77,22,0
38;633,293;38,86,57,108,65,71,331,132,105,87,256,147,192,216,320,300,324,274,210,302,226,148,14,80,19,53,8,224,10,190,51,77,22,0
39;1431;39,92,50,45,112,227,137,60,118,97,230,283,96,313,342,304,343,117,52,232,124,329,98,263,65,327,71,331,132,105,87,312,177,152,297,228,317,259,256,344,183,204,192,277,216,161,322,300,167,324,274,210,302,70,47,102,62,239,226,64,246,54,20,148,251,14,80,34,299,143,19,225,258,281,127,94,53,8,5,56,289,10,195,190,1,51,77,22,0
40;759;40,74,12,86,110,117,25,108,133,132,264,135,87,317,104,192,320,216,324,302,80,23,51,0
41;442;339,36,223,113,41,26,197,33,243,155,17,34,176,299,143,19,225,281,127,53,8,75,46,280,84,296,289,146,10,195,190,85,48,1,51,77,22,0
41;442,708;41,26,197,33,127,53,8,243,17,143,75,46,280,84,296,190,85,77,1,22,0
42;116;347,88,158,69,159,106,243,42,155,17,23,34,176,143,225,281,75,46,296,289,146,10,195,190,85,48,1,51,77,22,0
42;116,388;42,23,281,195,10,51,22,0
43;1293;160,43,250,2,223,113,41,26,268,107,149,11,197,33,243,17,176,299,189,143,122,19,225,281,127,53,8,75,46,280,30,84,296,289,146,10,195,190,85,48,1,51,77,22,0
43;1293,284;43,250,2,113,41,26,268,107,11,197,33,127,53,243,8,17,189,122,176,143,75,46,280,30,84,296,190,85,48,77,1,22,0
44;297;93,92,114,50,139,44,61,118,12,283,325,214,96,166,134,117,25,52,153,119,329,98,271,263,211,123,217,257,318,132,186,264,135,87,312,177,152,297,228,317,104,256,344,204,192,277,320,216,269,161,284,291,324,274,210,302,245,6,47,102,184,156,130,4,64,20,251,14,80,106,42,23,34,301,225,258,281,94,5,56,289,10,195,1,51,22,0
44;297,13;44,61,12,283,325,214,96,134,117,25,52,153,119,329,98,271,123,263,318,257,186,132,264,312,135,317,177,87,297,228,344,104,256,277,204,192,269,320,216,161,284,324,291,274,210,302,245,6,47,102,130,184,4,156,64,20,251,14,80,106,42,23,258,94,225,281,34,301,5,56,289,10,195,51,1,22,0
45;1189;45,13,118,313,342,304,343,124,329,327,120,71,16,312,177,152,297,228,259,183,204,216,322,167,274,210,246,54,299,143,122,19,225,258,281,127,94,53,8,75,46,289,10,195,190,85,1,51,77,22,0
46;1906;58,74,97,7,9,117,25,108,133,105,87,131,317,104,192,320,216,302,8,46,77,0
46;1906,0;46,77,0
47;698;47,102,239,226,246,54,170,148,140,251,14,80,176,299,189,143,122,19,225,258,281,127,94,53,8,5,56,296,289,146,10,195,190,85,48,1,51,77,22,0
48;84;246,54,176,299,189,143,122,19,225,258,281,127,94,53,8,75,46,296,289,146,10,195,190,85,48,1,51,77,22,0
48;84,1201;258,94,225,281,289,10,195,48,1,51,22,0
48;84,1201,16;48,1,22,0
49;459;49,164,63,268,107,347,88,197,33,158,69,159,106,243,42,17,23,176,189,143,122,225,281,75,46,280,30,84,296,289,146,10,195,190,85,48,1,51,77,22,0
50;1899;326,50,188,139,118,334,325,278,279,333,341,52,153,119,238,98,211,123,191,217,318,293,186,264,312,177,152,297,228,317,256,295,344,147,192,277,320,305,269,161,284,300,291,324,275,274,210,302,184,156,347,88,170,148,251,14,80,158,69,106,243,42,286,17,23,224,34,301,296,10,195,190,85,1,51,77,22,0
50;1899,1431;50,118,52,98,312,177,317,297,228,344,256,152,277,192,161,300,324,274,210,302,148,251,14,80,34,10,195,190,51,1,77,22,0
51;759;40,74,12,86,110,117,25,108,133,132,264,135,87,317,104,192,320,216,324,302,80,23,51,0
51;759,6;51,0
52;1899;326,50,188,139,118,334,325,278,279,333,341,52,153,119,238,98,211,123,191,217,318,293,186,264,312,177,152,297,228,317,256,295,344,147,192,277,320,305,269,161,284,300,291,324,275,274,210,302,184,156,347,88,170,148,251,14,80,158,69,106,243,42,286,17,23,224,34,301,296,10,195,190,85,1,51,77,22,0
52;1899,586;52,98,312,317,297,228,344,256,277,192,161,300,324,291,274,302,148,251,14,80,34,301,10,195,190,51,1,77,22,0
53;84;246,54,176,299,189,143,122,19,225,258,281,127,94,53,8,75,46,296,289,146,10,195,190,85,48,1,51,77,22,0
53;84,1677;53,8,75,46,190,85,77,22,0
54;84;246,54,176,299,189,143,122,19,225,258,281,127,94,53,8,75,46,296,289,146,10,195,190,85,48,1,51,77,22,0
54;84,633;54,19,53,8,94,190,10,77,51,22,0
55;716;55,319,66,136,103,112,125,137,207,201,230,311,247,253,99,313,333,304,316,276,52,270,181,232,288,178,124,98,263,65,194,71,331,132,105,261,87,179,312,294,152,297,306,259,256,295,344,183,204,192,277,216,171,332,346,173,161,322,300,167,116,324,274,210,302,193,202,339,36,47,102,62,113,41,26,109,239,226,314,197,33,170,20,148,140,251,14,80,165,243,155,17,34,176,299,143,19,225,281,127,53,8,5,280,56,84,296,289,10,195,190,85,48,1,51,77,22,0
56;834;246,54,176,299,189,143,122,19,225,258,281,127,94,53,8,75,46,182,5,56,296,289,146,10,195,190,85,48,1,51,77,22,0
56;834,388;94,281,56,10,195,51,22,0
56;834,388,5;56,10,195,51,22,0
57;1677;18,100,129,21,125,3,29,7,333,57,32,343,108,133,98,123,194,71,16,331,105,87,131,104,295,147,192,277,320,216,274,210,302,26,126,33,165,17,224,53,8,75,46,84,190,85,77,22,0
57;1677,633;129,21,57,108,343,71,98,16,123,331,105,87,147,192,216,320,277,274,210,302,224,53,8,190,77,22,0
57;1677,633,293;57,108,71,331,105,87,147,192,320,216,274,210,302,53,8,224,190,77,22,0
58;1906;58,74,97,7,9,117,25,108,133,105,87,131,317,104,192,320,216,302,8,46,77,0
59;1987;59,114,139,13,91,118,15,68,9,214,166,134,25,153,119,329,211,123,120,217,257,16,293,27,186,135,312,131,177,152,297,228,317,104,204,277,320,216,284,291,275,274,210,302,82,130,4,20,69,106,42,23,301,122,225,258,281,94,75,46,56,289,10,195,85,1,51,77,22,0
60;633;89,115,129,21,60,38,86,97,96,57,343,117,108,98,65,123,71,16,331,132,105,87,317,256,147,192,277,320,216,300,324,274,210,302,226,54,148,14,80,224,19,94,53,8,10,190,51,77,22,0
60;633,83;60,97,96,117,343,98,65,331,132,105,87,317,256,192,277,216,300,324,274,302,226,54,148,14,80,19,53,8,94,10,190,51,77,22,0
61;388;111,72,115,21,61,137,68,12,96,134,341,304,117,25,98,263,123,71,257,16,132,186,264,135,87,317,104,256,204,192,277,320,216,269,324,274,210,302,102,156,4,20,14,80,42,23,281,94,56,10,195,51,22,0
61;388,13;61,12,96,134,117,25,98,123,263,257,132,186,264,135,87,317,104,256,277,204,192,320,269,216,324,274,210,302,102,156,4,14,80,20,42,23,94,281,56,10,195,51,22,0
62;376;185,70,220,62,64,246,54,20,155,34,176,299,143,19,225,258,281,127,94,53,8,75,46,182,5,56,296,289,146,10,195,190,85,48,1,51,77,22,0
62;376,52;220,62,20,299,19,127,53,8,182,5,56,289,296,146,10,195,190,48,85,1,77,51,22,0
62;376,52,1431;62,299,19,127,20,53,8,5,56,289,10,195,190,1,77,51,22,0
63;459;49,164,63,268,107,347,88,197,33,158,69,159,106,243,42,17,23,176,189,143,122,225,281,75,46,280,30,84,296,289,146,10,195,190,85,48,1,51,77,22,0
63;459,227;63,33,158,69,159,106,42,23,75,46,30,84,296,289,146,85,190,195,48,10,1,77,51,22,0
64;376;185,70,220,62,64,246,54,20,155,34,176,299,143,19,225,258,281,127,94,53,8,75,46,182,5,56,296,289,146,10,195,190,85,48,1,51,77,22,0
64;376,297;64,20,258,34,94,225,281,5,56,289,10,195,1,51,22,0
65;633;89,115,129,21,60,38,86,97,96,57,343,117,108,98,65,123,71,16,331,132,105,87,317,256,147,192,277,320,216,300,324,274,210,302,226,54,148,14,80,224,19,94,53,8,10,190,51,77,22,0
65;633,24;65,331,132,105,87,256,192,216,300,324,274,302,226,148,14,80,19,53,8,10,190,51,77,22,0
66;241;66,334,325,99,333,316,169,52,153,336,98,237,211,191,327,318,293,186,264,315,261,312,294,177,297,338,317,256,295,344,192,277,171,305,332,269,346,173,161,284,322,300,324,275,274,210,302,47,102,184,156,109,347,88,170,148,140,251,14,80,158,69,159,106,243,42,155,17,23,34,176,143,225,281,5,56,296,289,10,195,190,85,48,1,51,77,22,0
67;456;67,265,207,99,267,285,120,217,16,179,218,242,152,228,171,332,346,240,173,291,167,274,11,28,126,246,54,349,165,286,224,175,301,299,189,122,19,258,127,94,53,8,75,46,30,84,296,289,10,195,190,85,48,1,51,77,22,0
68;388;111,72,115,21,61,137,68,12,96,134,341,304,117,25,98,263,123,71,257,16,132,186,264,135,87,317,104,256,204,192,277,320,216,269,324,274,210,302,102,156,4,20,14,80,42,23,281,94,56,10,195,51,22,0
68;388,287;68,257,16,135,104,320,274,210,302,4,20,42,23,94,56,10,195,51,22,0
69;116;347,88,158,69,159,106,243,42,155,17,23,34,176,143,225,281,75,46,296,289,146,10,195,190,85,48,1,51,77,22,0
69;116,1096;88,69,42,23,17,281,75,46,195,85,51,77,22,0
69;116,1096,71;69,42,23,195,85,51,77,22,0
70;376;185,70,220,62,64,246,54,20,155,34,176,299,143,19,225,258,281,127,94,53,8,75,46,182,5,56,296,289,146,10,195,190,85,48,1,51,77,22,0
70;376,1431;70,62,64,246,54,20,299,19,127,53,8,258,34,94,225,281,143,5,56,289,10,195,190,1,77,51,22,0
71;1677;18,100,129,21,125,3,29,7,333,57,32,343,108,133,98,123,194,71,16,331,105,87,131,104,295,147,192,277,320,216,274,210,302,26,126,33,165,17,224,53,8,75,46,84,190,85,77,22,0
71;1677,1189;343,71,16,216,274,210,53,8,75,46,190,85,77,22,0
71;1677,1189,388;71,16,216,274,210,22,0
72;1096;73,72,100,21,334,37,15,110,9,333,134,32,341,304,25,133,98,123,71,16,293,27,186,264,135,131,317,104,295,204,192,277,320,216,275,274,210,302,88,69,42,17,23,281,75,46,195,85,51,77,22,0
72;1096,388;72,21,134,341,25,304,123,98,71,16,135,264,186,104,317,204,192,277,320,216,210,274,302,42,23,281,195,51,22,0
73;1096;73,72,100,21,334,37,15,110,9,333,134,32,341,304,25,133,98,123,71,16,293,27,186,264,135,131,317,104,295,204,192,277,320,216,275,274,210,302,88,69,42,17,23,281,75,46,195,85,51,77,22,0
74;1906;58,74,97,7,9,117,25,108,133,105,87,131,317,104,192,320,216,302,8,46,77,0
74;1906,759;74,108,117,133,25,87,104,317,192,216,320,302,0
75;84;246,54,176,299,189,143,122,19,225,258,281,127,94,53,8,75,46,296,289,146,10,195,190,85,48,1,51,77,22,0
75;84,1096;281,75,46,85,195,77,51,22,0
75;84,1096,16;75,46,85,77,22,0
76;1201;76,66,101,198,44,61,174,12,282,287,283,325,214,96,99,134,316,117,25,169,168,52,153,119,262,254,329,98,271,263,123,257,318,132,186,264,315,135,87,312,294,218,177,297,228,338,317,104,256,344,204,192,277,320,216,171,332,269,346,173,161,284,31,291,324,274,210,302,307,245,199,6,47,102,184,156,83,130,4,109,64,272,196,20,140,251,14,80,159,106,42,155,23,175,34,301,225,258,281,94,182,5,56,289,10,195,48,1,51,22,0
77;1906;58,74,97,7,9,117,25,108,133,105,87,131,317,104,192,320,216,302,8,46,77,0
77;1906,2;77,0
78;110;78,81,50,188,45,103,125,38,118,86,230,311,172,253,205,333,57,108,52,288,238,124,98,65,194,327,71,331,132,105,87,312,177,152,297,228,256,295,344,183,147,192,277,320,216,161,322,300,167,324,274,210,302,202,36,41,26,239,226,145,197,33,170,148,251,14,80,165,243,286,17,224,34,143,19,127,53,8,280,84,296,10,190,85,1,51,77,22,0
79;266;79,180,82,164,63,290,83,130,4,149,11,197,33,20,158,69,159,106,42,23,176,189,143,122,225,258,281,94,75,46,280,30,56,84,296,289,146,10,195,190,85,48,1,51,77,22,0
80;759;40,74,12,86,110,117,25,108,133,132,264,135,87,317,104,192,320,216,324,302,80,23,51,0
80;759,1;80,51,0
81;708;35,81,95,188,45,13,90,118,3,311,7,248,172,253,205,57,32,108,133,162,238,124,194,327,120,71,16,331,105,87,312,131,177,152,297,228,104,295,183,147,192,320,216,322,167,274,210,302,2,41,26,107,145,28,126,197,33,349,165,243,286,17,224,143,122,127,53,8,75,46,280,30,84,296,190,85,1,77,22,0
81;708,110;81,188,45,118,172,311,57,205,253,108,238,124,71,194,327,331,105,152,87,312,177,295,297,228,183,147,192,216,320,167,322,274,210,302,41,26,145,197,33,165,286,243,224,17,127,53,8,143,280,84,296,190,85,77,1,22,0
82;682;180,82,290,83,130,4,20,158,69,159,106,42,23,176,189,143,122,225,258,281,94,75,46,56,296,289,146,10,195,190,85,48,1,51,77,22,0
82;682,1987;82,130,4,69,106,42,23,20,258,94,225,281,122,75,46,56,289,195,10,85,1,51,77,22,0
83;682;180,82,290,83,130,4,20,158,69,159,106,42,23,176,189,143,122,225,258,281,94,75,46,56,296,289,146,10,195,190,85,48,1,51,77,22,0
83;682,1201;83,130,4,159,106,42,23,20,258,94,225,281,56,289,195,10,48,1,51,22,0
84;1357;246,54,176,299,189,143,122,19,225,258,281,127,94,53,8,75,46,280,30,84,296,289,146,10,195,190,85,48,1,51,77,22,0
84;1357,1677;53,8,75,46,84,190,85,77,22,0
84;1357,1677,4;84,190,85,77,22,0
85;84;246,54,176,299,189,143,122,19,225,258,281,127,94,53,8,75,46,296,289,146,10,195,190,85,48,1,51,77,22,0
85;84,1096;281,75,46,85,195,77,51,22,0
85;84,1096,110;85,77,51,22,0
86;759;40,74,12,86,110,117,25,108,133,132,264,135,87,317,104,192,320,216,324,302,80,23,51,0
86;759,110;86,108,132,87,192,320,216,324,302,80,51,0
87;1906;58,74,97,7,9,117,25,108,133,105,87,131,317,104,192,320,216,302,8,46,77,0
87;1906,24;105,87,192,216,302,8,77,0
87;1906,24,13;87,192,216,302,0
88;116;347,88,158,69,159,106,243,42,155,17,23,34,176,143,225,281,75,46,296,289,146,10,195,190,85,48,1,51,77,22,0
88;116,1096;88,69,42,23,17,281,75,46,195,85,51,77,22,0
89;633;89,115,129,21,60,38,86,97,96,57,343,117,108,98,65,123,71,16,331,132,105,87,317,256,147,192,277,320,216,300,324,274,210,302,226,54,148,14,80,224,19,94,53,8,10,190,51,77,22,0
90;708;35,81,95,188,45,13,90,118,3,311,7,248,172,253,205,57,32,108,133,162,238,124,194,327,120,71,16,331,105,87,312,131,177,152,297,228,104,295,183,147,192,320,216,322,167,274,210,302,2,41,26,107,145,28,126,197,33,349,165,243,286,17,224,143,122,127,53,8,75,46,280,30,84,296,190,85,1,77,22,0
90;708,16;90,3,7,172,57,32,108,133,238,124,162,120,71,194,16,331,105,131,152,87,104,295,183,147,192,216,320,167,322,274,210,302,2,41,26,107,145,28,126,197,33,349,165,286,243,224,17,127,53,8,143,122,75,46,280,30,84,296,190,85,77,1,22,0
91;1987;59,114,139,13,91,118,15,68,9,214,166,134,25,153,119,329,211,123,120,217,257,16,293,27,186,135,312,131,177,152,297,228,317,104,204,277,320,216,284,291,275,274,210,302,82,130,4,20,69,106,42,23,301,122,225,258,281,94,75,46,56,289,10,195,85,1,51,77,22,0
91;1987,287;91,68,166,120,257,27,16,135,131,104,320,284,275,210,274,302,82,130,4,20,69,106,42,23,258,94,122,75,46,56,289,195,10,85,51,1,77,22,0
92;297;93,92,114,50,139,44,61,118,12,283,325,214,96,166,134,117,25,52,153,119,329,98,271,263,211,123,217,257,318,132,186,264,135,87,312,177,152,297,228,317,104,256,344,204,192,277,320,216,269,161,284,291,324,274,210,302,245,6,47,102,184,156,130,4,64,20,251,14,80,106,42,23,34,301,225,258,281,94,5,56,289,10,195,1,51,22,0
92;297,1431;92,50,118,283,96,117,52,329,98,263,132,312,317,177,87,297,228,344,256,152,277,204,192,216,161,324,274,210,302,47,102,64,20,251,14,80,258,94,225,281,34,5,56,289,10,195,51,1,22,0
93;297;93,92,114,50,139,44,61,118,12,283,325,214,96,166,134,117,25,52,153,119,329,98,271,263,211,123,217,257,318,132,186,264,135,87,312,177,152,297,228,317,104,256,344,204,192,277,320,216,269,161,284,291,324,274,210,302,245,6,47,102,184,156,130,4,64,20,251,14,80,106,42,23,34,301,225,258,281,94,5,56,289,10,195,1,51,22,0
94;84;246,54,176,299,189,143,122,19,225,258,281,127,94,53,8,75,46,296,289,146,10,195,190,85,48,1,51,77,22,0
94;84,388;94,281,10,195,51,22,0
95;708;35,81,95,188,45,13,90,118,3,311,7,248,172,253,205,57,32,108,133,162,238,124,194,327,120,71,16,331,105,87,312,131,177,152,297,228,104,295,183,147,192,320,216,322,167,274,210,302,2,41,26,107,145,28,126,197,33,349,165,243,286,17,224,143,122,127,53,8,75,46,280,30,84,296,190,85,1,77,22,0
95;708,1957;95,188,13,118,248,32,133,238,120,16,131,152,104,312,177,295,297,228,147,192,320,274,210,302,107,28,126,33,349,165,286,243,224,17,122,75,46,30,84,296,190,85,77,1,22,0
96;633;89,115,129,21,60,38,86,97,96,57,343,117,108,98,65,123,71,16,331,132,105,87,317,256,147,192,277,320,216,300,324,274,210,302,226,54,148,14,80,224,19,94,53,8,10,190,51,77,22,0
96;633,13;96,117,98,123,132,87,317,256,192,277,216,320,324,274,210,302,14,80,94,10,51,22,0
97;1906;58,74,97,7,9,117,25,108,133,105,87,131,317,104,192,320,216,302,8,46,77,0
97;1906,83;97,117,105,87,317,192,216,302,8,77,0
98;1677;18,100,129,21,125,3,29,7,333,57,32,343,108,133,98,123,194,71,16,331,105,87,131,104,295,147,192,277,320,216,274,210,302,26,126,33,165,17,224,53,8,75,46,84,190,85,77,22,0
98;1677,13;98,123,87,104,192,216,320,277,274,210,302,22,0
99;483;99,336,237,211,327,315,261,294,177,297,171,332,346,173,284,322,210,347,88,158,69,159,106,243,42,155,17,23,34,176,143,225,281,75,46,296,289,10,195,190,85,48,1,51,77,22,0
100;1677;18,100,129,21,125,3,29,7,333,57,32,343,108,133,98,123,194,71,16,331,105,87,131,104,295,147,192,277,320,216,274,210,302,26,126,33,165,17,224,53,8,75,46,84,190,85,77,22,0
100;1677,1096;100,21,32,333,133,71,98,16,123,131,104,295,192,216,320,277,274,210,302,17,75,46,85,77,22,0
101;1258;101,15,282,9,214,99,134,25,168,119,262,254,329,123,293,27,186,315,135,294,218,131,177,297,228,317,104,204,277,320,216,171,332,346,173,284,291,275,210,302,199,6,83,130,4,64,272,196,20,69,159,106,42,155,23,175,34,301,225,258,281,94,75,46,182,5,56,289,10,195,85,48,1,51,77,22,0
102;698;47,102,239,226,246,54,170,148,140,251,14,80,176,299,189,143,122,19,225,258,281,127,94,53,8,5,56,296,289,146,10,195,190,85,48,1,51,77,22,0
102;698,388;102,14,80,94,281,56,10,195,51,22,0
103;110;78,81,50,188,45,103,125,38,118,86,230,311,172,253,205,333,57,108,52,288,238,124,98,65,194,327,71,331,132,105,87,312,177,152,297,228,256,295,344,183,147,192,277,320,216,161,322,300,167,324,274,210,302,202,36,41,26,239,226,145,197,33,170,148,251,14,80,165,243,286,17,224,34,143,19,127,53,8,280,84,296,10,190,85,1,51,77,22,0
103;110,61;103,125,311,230,253,333,288,52,65,194,98,331,105,132,87,312,297,256,295,183,344,192,216,277,161,167,300,324,274,302,202,36,41,26,239,226,170,148,251,14,80,197,33,165,19,127,53,8,243,17,34,280,84,296,190,10,85,1,77,51,22,0
104;1906;58,74,97,7,9,117,25,108,133,105,87,131,317,104,192,320,216,302,8,46,77,0
104;1906,227;131,104,320,302,46,77,0
104;1906,227,13;104,320,302,0
105;1906;58,74,97,7,9,117,25,108,133,105,87,131,317,104,192,320,216,302,8,46,77,0
105;1906,24;105,87,192,216,302,8,77,0
106;116;347,88,158,69,159,106,243,42,155,17,23,34,176,143,225,281,75,46,296,289,146,10,195,190,85,48,1,51,77,22,0
106;116,297;106,42,23,34,225,281,289,195,10,1,51,22,0
107;72;250,2,223,113,41,26,268,107,197,33,243,17,176,299,189,143,122,19,225,281,127,53,8,75,46,280,30,84,296,289,146,10,195,190,85,48,1,51,77,22,0
107;72,1957;107,33,243,17,122,75,46,30,84,296,190,85,195,77,1,22,51,0
108;1906;58,74,97,7,9,117,25,108,133,105,87,131,317,104,192,320,216,302,8,46,77,0
108;1906,110;108,105,87,192,216,320,302,8,77,0
109;99;208,109,347,88,158,69,159,106,243,42,155,17,23,34,176,143,225,281,75,46,182,5,56,296,289,146,10,195,190,85,48,1,51,77,22,0
109;99,83;109,155,34,225,281,182,5,56,289,195,10,48,190,1,51,77,22,0
110;759;40,74,12,86,110,117,25,108,133,132,264,135,87,317,104,192,320,216,324,302,80,23,51,0
110;759,31;110,133,264,135,104,192,320,302,23,51,0
111;388;111,72,115,21,61,137,68,12,96,134,341,304,117,25,98,263,123,71,257,16,132,186,264,135,87,317,104,256,204,192,277,320,216,269,324,274,210,302,102,156,4,20,14,80,42,23,281,94,56,10,195,51,22,0
112;1431;39,92,50,45,112,227,137,60,118,97,230,283,96,313,342,304,343,117,52,232,124,329,98,263,65,327,71,331,132,105,87,312,177,152,297,228,317,259,256,344,183,204,192,277,216,161,322,300,167,324,274,210,302,70,47,102,62,239,226,64,246,54,20,148,251,14,80,34,299,143,19,225,258,281,127,94,53,8,5,56,289,10,195,190,1,51,77,22,0
112;1431,70;112,137,313,304,232,124,263,65,71,132,331,105,87,259,152,256,183,204,192,216,161,300,167,324,322,274,210,302,47,102,239,226,62,148,251,14,80,20,299,19,127,53,8,225,281,143,5,56,289,10,195,190,51,1,77,22,0
113;442;339,36,223,113,41,26,197,33,243,155,17,34,176,299,143,19,225,281,127,53,8,75,46,280,84,296,289,146,10,195,190,85,48,1,51,77,22,0
113;442,284;113,41,26,197,33,127,53,8,243,17,176,143,75,46,280,84,296,190,85,48,77,1,22,0
114;1987;59,114,139,13,91,118,15,68,9,214,166,134,25,153,119,329,211,123,120,217,257,16,293,27,186,135,312,131,177,152,297,228,317,104,204,277,320,216,284,291,275,274,210,302,82,130,4,20,69,106,42,23,301,122,225,258,281,94,75,46,56,289,10,195,85,1,51,77,22,0
114;1987,297;114,139,118,214,134,166,25,119,153,329,123,211,257,217,186,135,177,312,317,104,228,297,152,204,277,320,216,284,291,210,274,302,130,4,20,106,42,23,258,94,225,281,301,56,289,195,10,51,1,22,0
115;633;89,115,129,21,60,38,86,97,96,57,343,117,108,98,65,123,71,16,331,132,105,87,317,256,147,192,277,320,216,300,324,274,210,302,226,54,148,14,80,224,19,94,53,8,10,190,51,77,22,0
115;633,388;115,21,96,117,98,71,123,132,16,87,317,256,192,277,216,320,324,274,210,302,14,80,94,10,51,22,0
116;106;310,116,339,36,220,62,223,113,41,208,26,109,197,33,20,243,155,17,34,176,299,143,19,225,281,127,53,8,75,46,182,5,280,56,84,296,289,146,10,195,190,85,48,1,51,77,22,0
116;106,716;116,339,36,113,41,62,26,109,197,33,299,19,127,20,53,8,155,34,243,17,176,225,143,281,5,280,84,56,289,296,190,85,10,48,195,1,77,51,22,0
117;1906;58,74,97,7,9,117,25,108,133,105,87,131,317,104,192,320,216,302,8,46,77,0
117;1906,13;117,25,87,104,317,192,216,320,302,0
118;1189;45,13,118,313,342,304,343,124,329,327,120,71,16,312,177,152,297,228,259,183,204,216,322,167,274,210,246,54,299,143,122,19,225,258,281,127,94,53,8,75,46,289,10,195,190,85,1,51,77,22,0
118;1189,1899;118,152,312,297,228,177,274,210,10,190,195,85,1,77,51,22,0
119;1987;59,114,139,13,91,118,15,68,9,214,166,134,25,153,119,329,211,123,120,217,257,16,293,27,186,135,312,131,177,152,297,228,317,104,204,277,320,216,284,291,275,274,210,302,82,130,4,20,69,106,42,23,301,122,225,258,281,94,75,46,56,289,10,195,85,1,51,77,22,0
119;1987,396;119,123,293,186,177,317,228,277,320,284,275,291,210,302,130,4,20,69,106,42,23,258,94,301,56,289,195,10,85,51,1,77,22,0
120;541;120,16,242,173,274,149,11,234,314,203,145,28,126,246,54,349,165,286,224,176,299,189,143,122,19,258,127,94,53,8,75,46,280,30,84,296,289,146,10,195,190,85,48,1,51,77,22,0
121;227;121,29,278,292,168,119,340,123,27,315,135,218,131,177,228,104,147,277,200,320,141,332,346,284,241,31,291,275,210,302,199,6,63,290,83,130,4,208,109,64,221,272,28,126,33,20,349,165,158,69,159,106,42,286,155,23,224,175,34,301,258,94,75,46,182,5,30,56,84,296,289,146,10,195,190,85,48,1,51,77,22,0
122;84;246,54,176,299,189,143,122,19,225,258,281,127,94,53,8,75,46,296,289,146,10,195,190,85,48,1,51,77,22,0
122;84,1957;122,75,46,296,190,85,195,1,77,51,22,0
123;1677;18,100,129,21,125,3,29,7,333,57,32,343,108,133,98,123,194,71,16,331,105,87,131,104,295,147,192,277,320,216,274,210,302,26,126,33,165,17,224,53,8,75,46,84,190,85,77,22,0
123;1677,396;123,147,320,277,210,302,224,190,85,77,22,0
124;1189;45,13,118,313,342,304,343,124,329,327,120,71,16,312,177,152,297,228,259,183,204,216,322,167,274,210,246,54,299,143,122,19,225,258,281,127,94,53,8,75,46,289,10,195,190,85,1,51,77,22,0
124;1189,293;124,71,152,183,216,167,322,274,210,19,127,53,8,143,122,10,190,85,1,77,51,22,0
125;1677;18,100,129,21,125,3,29,7,333,57,32,343,108,133,98,123,194,71,16,331,105,87,131,104,295,147,192,277,320,216,274,210,302,26,126,33,165,17,224,53,8,75,46,84,190,85,77,22,0
125;1677,61;125,333,194,98,331,105,87,295,192,216,277,274,302,26,33,165,17,53,8,84,190,85,77,22,0
126;20;28,126,246,54,349,165,286,224,175,301,299,189,122,19,258,127,94,53,8,75,46,30,84,296,289,146,10,195,190,85,48,1,51,77,22,0
126;20,1677;126,165,53,8,224,75,46,84,190,85,77,22,0
127;84;246,54,176,299,189,143,122,19,225,258,281,127,94,53,8,75,46,296,289,146,10,195,190,85,48,1,51,77,22,0
127;84,110;19,127,53,8,143,296,190,10,85,1,77,51,22,0
127;84,110,16;127,53,8,143,296,190,85,77,1,22,0
128;1957;128,95,326,188,139,13,206,121,118,29,37,110,248,278,279,32,341,133,153,119,238,340,211,123,120,217,16,27,264,135,312,131,177,152,297,228,104,295,147,192,277,320,284,291,275,274,210,302,49,63,107,28,126,347,88,33,349,165,158,69,106,243,42,286,17,23,224,301,122,75,46,30,84,296,195,190,85,1,51,77,22,0
129;1677;18,100,129,21,125,3,29,7,333,57,32,343,108,133,98,123,194,71,16,331,105,87,131,104,295,147,192,277,320,216,274,210,302,26,126,33,165,17,224,53,8,75,46,84,190,85,77,22,0
129;1677,633;129,21,57,108,343,71,98,16,123,331,105,87,147,192,216,320,277,274,210,302,224,53,8,190,77,22,0
130;682;180,82,290,83,130,4,20,158,69,159,106,42,23,176,189,143,122,225,258,281,94,75,46,56,296,289,146,10,195,190,85,48,1,51,77,22,0
130;682,297;130,4,106,42,23,20,258,94,225,281,56,289,195,10,1,51,22,0
131;1906;58,74,97,7,9,117,25,108,133,105,87,131,317,104,192,320,216,302,8,46,77,0
131;1906,227;131,104,320,302,46,77,0
132;759;40,74,12,86,110,117,25,108,133,132,264,135,87,317,104,192,320,216,324,302,80,23,51,0
132;759,24;132,87,192,216,324,302,80,51,0
133;1906;58,74,97,7,9,117,25,108,133,105,87,131,317,104,192,320,216,302,8,46,77,0
133;1906,31;133,131,104,192,320,302,46,77,0
134;1096;73,72,100,21,334,37,15,110,9,333,134,32,341,304,25,133,98,123,71,16,293,27,186,264,135,131,317,104,295,204,192,277,320,216,275,274,210,302,88,69,42,17,23,281,75,46,195,85,51,77,22,0
134;1096,13;134,25,123,98,135,264,186,104,317,204,192,277,320,216,210,274,302,42,23,281,195,51,22,0
135;759;40,74,12,86,110,117,25,108,133,132,264,135,87,317,104,192,320,216,324,302,80,23,51,0
135;759,227;135,104,320,302,23,51,0
136;1191;319,136,207,247,253,99,313,304,276,181,178,124,71,261,179,294,152,297,259,183,204,216,171,332,346,173,322,167,210,339,36,113,41,26,314,197,33,243,155,17,34,176,299,143,19,225,281,127,53,8,75,46,280,84,296,289,10,195,190,85,48,1,51,77,22,0
136;1191,284;136,207,99,181,276,124,178,71,179,261,152,183,216,173,171,346,332,167,322,210,113,41,26,314,197,33,127,53,8,243,17,176,143,75,46,280,84,296,190,85,48,1,77,22,0
137;388;111,72,115,21,61,137,68,12,96,134,341,304,117,25,98,263,123,71,257,16,132,186,264,135,87,317,104,256,204,192,277,320,216,269,324,274,210,302,102,156,4,20,14,80,42,23,281,94,56,10,195,51,22,0
137;388,70;137,304,263,71,132,87,256,204,192,216,324,274,210,302,102,14,80,20,281,56,10,195,51,22,0
138;284;138,273,136,67,337,90,265,207,3,157,7,172,99,57,32,108,276,133,181,162,267,238,178,124,194,120,71,16,331,105,261,87,179,131,242,152,104,295,183,147,192,320,216,171,332,346,173,322,43,167,274,210,302,250,2,113,41,26,268,107,11,314,203,145,28,126,197,33,349,165,243,286,17,224,176,189,143,122,127,53,8,75,46,280,30,84,296,190,85,48,1,77,22,0
139;1987;59,114,139,13,91,118,15,68,9,214,166,134,25,153,119,329,211,123,120,217,257,16,293,27,186,135,312,131,177,152,297,228,317,104,204,277,320,216,284,291,275,274,210,302,82,130,4,20,69,106,42,23,301,122,225,258,281,94,75,46,56,289,10,195,85,1,51,77,22,0
139;1987,1899;139,118,119,153,123,211,217,293,186,177,312,317,228,297,152,277,320,284,275,291,210,274,302,69,106,42,23,301,195,10,85,51,1,77,22,0
140;108;239,226,246,54,170,148,140,251,14,80,286,224,175,301,299,189,122,19,258,127,94,53,8,296,289,146,10,195,190,85,48,1,51,77,22,0
140;108,1201;140,251,14,80,175,258,94,301,289,10,195,48,1,51,22,0
141;182;294,297,141,346,208,109,221,272,196,347,88,158,69,159,106,243,42,155,17,23,175,34,301,225,281,75,46,182,5,56,296,289,146,10,195,190,85,48,1,51,77,22,0
141;182,389;141,346,155,175,34,301,243,17,289,296,146,195,10,48,85,190,1,51,77,22,0
142;26;242,142,173,161,274,239,226,149,11,234,314,203,145,246,54,170,148,140,251,14,80,349,165,286,224,176,299,189,143,122,19,258,127,94,53,8,280,30,84,296,289,146,10,195,190,85,48,1,51,77,22,0
142;26,25;142,161,274,170,148,140,251,14,80,189,122,258,94,296,289,146,190,85,10,48,195,1,77,51,22,0
143;84;246,54,176,299,189,143,122,19,225,258,281,127,94,53,8,75,46,296,289,146,10,195,190,85,48,1,51,77,22,0
143;84,110;19,127,53,8,143,296,190,10,85,1,77,51,22,0
143;84,110,31;143,296,190,85,77,1,51,22,0
144;797;144,335,244,252,294,297,200,141,332,346,208,109,196,347,88,158,69,159,106,243,42,155,17,23,175,34,301,225,281,75,46,182,5,56,296,289,146,10,195,190,85,48,1,51,77,22,0
145;437;203,145,28,126,246,54,349,165,286,224,176,299,189,143,122,19,258,127,94,53,8,75,46,280,30,84,296,289,146,10,195,190,85,48,1,51,77,22,0
145;437,110;145,165,19,127,286,53,224,8,143,280,84,296,190,85,10,77,1,51,22,0
146;84;246,54,176,299,189,143,122,19,225,258,281,127,94,53,8,75,46,296,289,146,10,195,190,85,48,1,51,77,22,0
146;84,13;258,94,225,281,289,146,10,195,48,1,51,22,0
146;84,13,16;146,48,1,22,0
147;1677;18,100,129,21,125,3,29,7,333,57,32,343,108,133,98,123,194,71,16,331,105,87,131,104,295,147,192,277,320,216,274,210,302,26,126,33,165,17,224,53,8,75,46,84,190,85,77,22,0
147;1677,396;123,147,320,277,210,302,224,190,85,77,22,0
147;1677,396,16;147,320,210,302,224,85,190,77,22,0
148;108;239,226,246,54,170,148,140,251,14,80,286,224,175,301,299,189,122,19,258,127,94,53,8,296,289,146,10,195,190,85,48,1,51,77,22,0
148;108,633;226,54,148,14,80,19,53,8,94,224,10,190,51,77,22,0
148;108,633,10;148,14,80,10,190,51,77,22,0
149;264;149,11,246,54,176,299,189,143,122,19,225,258,281,127,94,53,8,75,46,280,30,84,296,289,146,10,195,190,85,48,1,51,77,22,0
150;1904;150,212,328,144,15,282,9,214,134,335,244,292,25,168,119,329,123,252,293,27,186,315,135,294,218,131,177,297,228,317,104,204,277,200,320,216,141,332,346,284,241,31,291,275,210,302,199,6,290,83,130,4,208,109,64,221,272,196,20,69,159,106,42,155,23,175,34,301,225,258,281,94,75,46,182,5,56,289,146,10,195,85,48,1,51,77,22,0
151;1661;151,235,267,271,340,257,338,344,277,142,171,305,269,161,300,324,275,79,274,302,307,245,180,82,47,102,164,63,184,290,156,83,130,4,149,11,196,197,33,170,20,148,140,251,14,80,349,165,158,69,159,106,42,23,175,301,189,122,225,258,281,94,182,5,280,30,56,84,296,289,146,10,195,190,85,48,1,51,77,22,0
152;1189;45,13,118,313,342,304,343,124,329,327,120,71,16,312,177,152,297,228,259,183,204,216,322,167,274,210,246,54,299,143,122,19,225,258,281,127,94,53,8,75,46,289,10,195,190,85,1,51,77,22,0
152;1189,1899;118,152,312,297,228,177,274,210,10,190,195,85,1,77,51,22,0
152;1189,1899,16;152,274,210,190,85,1,77,22,0
153;1987;59,114,139,13,91,118,15,68,9,214,166,134,25,153,119,329,211,123,120,217,257,16,293,27,186,135,312,131,177,152,297,228,317,104,204,277,320,216,284,291,275,274,210,302,82,130,4,20,69,106,42,23,301,122,225,258,281,94,75,46,56,289,10,195,85,1,51,77,22,0
153;1987,121;153,312,277,275,274,302,69,106,42,23,225,281,301,122,56,289,195,10,85,51,1,77,22,0
154;934;154,328,335,309,262,237,327,252,315,177,200,332,173,284,322,210,180,82,290,83,130,4,20,158,69,159,106,42,23,176,189,143,122,225,258,281,94,75,46,56,296,289,146,10,195,190,85,48,1,51,77,22,0
155;116;347,88,158,69,159,106,243,42,155,17,23,34,176,143,225,281,75,46,296,289,146,10,195,190,85,48,1,51,77,22,0
155;116,83;155,34,225,281,289,195,10,190,48,1,51,77,22,0
156;1135;184,156,347,88,170,148,140,251,14,80,158,69,159,106,243,42,286,155,17,23,224,175,34,301,296,289,146,10,195,190,85,48,1,51,77,22,0
156;1135,388;156,14,80,42,23,195,10,51,22,0
157;16;90,3,157,7,172,57,32,108,133,181,162,238,124,194,120,71,16,331,105,261,87,179,131,242,152,104,295,183,147,192,320,216,219,173,160,322,43,167,274,210,302,250,2,223,113,41,26,268,107,149,11,234,314,203,145,28,126,197,33,349,165,243,286,17,224,176,189,143,122,127,53,8,75,46,280,30,84,296,146,190,85,48,1,77,22,0
157;16,1402;157,172,57,108,181,162,124,238,71,194,331,105,261,179,242,152,87,295,183,147,192,173,216,320,167,322,274,210,302,250,2,113,41,26,268,107,203,145,314,197,33,349,165,243,17,286,224,176,189,143,122,127,53,8,280,30,84,296,190,85,48,77,1,22,0
158;116;347,88,158,69,159,106,243,42,155,17,23,34,176,143,225,281,75,46,296,289,146,10,195,190,85,48,1,51,77,22,0
158;116,1999;158,69,159,106,42,23,296,289,195,85,10,190,48,1,51,77,22,0
159;116;347,88,158,69,159,106,243,42,155,17,23,34,176,143,225,281,75,46,296,289,146,10,195,190,85,48,1,51,77,22,0
159;116,1201;159,106,42,23,155,34,225,281,289,195,10,48,1,51,22,0
160;1293;160,43,250,2,223,113,41,26,268,107,149,11,197,33,243,17,176,299,189,143,122,19,225,281,127,53,8,75,46,280,30,84,296,289,146,10,195,190,85,48,1,51,77,22,0
161;26;242,142,173,161,274,239,226,149,11,234,314,203,145,246,54,170,148,140,251,14,80,349,165,286,224,176,299,189,143,122,19,258,127,94,53,8,280,30,84,296,289,146,10,195,190,85,48,1,51,77,22,0
161;26,297;161,274,251,14,80,258,94,289,10,195,1,51,22,0
162;708;35,81,95,188,45,13,90,118,3,311,7,248,172,253,205,57,32,108,133,162,238,124,194,327,120,71,16,331,105,87,312,131,177,152,297,228,104,295,183,147,192,320,216,322,167,274,210,302,2,41,26,107,145,28,126,197,33,349,165,243,286,17,224,143,122,127,53,8,75,46,280,30,84,296,190,85,1,77,22,0
162;708,502;162,194,331,105,87,295,183,192,216,167,274,302,2,41,26,107,197,33,349,165,243,17,127,53,8,122,280,30,84,296,190,85,77,1,22,0
163;1267;163,120,252,16,242,219,173,274,149,11,203,145,28,126,246,54,349,165,286,224,176,299,189,143,122,19,258,127,94,53,8,75,46,280,30,84,296,289,146,10,195,190,85,48,1,51,77,22,0
164;459;49,164,63,268,107,347,88,197,33,158,69,159,106,243,42,17,23,176,189,143,122,225,281,75,46,280,30,84,296,289,146,10,195,190,85,48,1,51,77,22,0
164;459,71;164,63,197,33,158,69,159,106,42,23,280,30,84,296,289,146,85,190,195,48,10,1,77,51,22,0
165;20;28,126,246,54,349,165,286,224,175,301,299,189,122,19,258,127,94,53,8,75,46,30,84,296,289,146,10,195,190,85,48,1,51,77,22,0
165;20,1677;126,165,53,8,224,75,46,84,190,85,77,22,0
165;20,1677,35;165,84,190,85,77,22,0
166;1987;59,114,139,13,91,118,15,68,9,214,166,134,25,153,119,329,211,123,120,217,257,16,293,27,186,135,312,131,177,152,297,228,317,104,204,277,320,216,284,291,275,274,210,302,82,130,4,20,69,106,42,23,301,122,225,258,281,94,75,46,56,289,10,195,85,1,51,77,22,0
166;1987,467;166,257,320,284,275,210,274,302,82,130,4,20,69,106,42,23,258,94,122,56,289,195,10,85,51,1,77,22,0
167;1189;45,13,118,313,342,304,343,124,329,327,120,71,16,312,177,152,297,228,259,183,204,216,322,167,274,210,246,54,299,143,122,19,225,258,281,127,94,53,8,75,46,289,10,195,190,85,1,51,77,22,0
167;1189,439;167,299,19,127,53,8,289,10,190,195,85,1,77,51,22,0
168;1258;101,15,282,9,214,99,134,25,168,119,262,254,329,123,293,27,186,315,135,294,218,131,177,297,228,317,104,204,277,320,216,171,332,346,173,284,291,275,210,302,199,6,83,130,4,64,272,196,20,69,159,106,42,155,23,175,34,301,225,258,281,94,75,46,182,5,56,289,10,195,85,48,1,51,77,22,0
168;1258,1999;101,99,168,119,262,123,254,293,186,315,218,177,228,317,277,332,320,346,171,284,173,275,291,210,302,83,130,4,272,20,159,69,106,42,23,258,175,94,301,56,289,195,10,48,85,51,1,77,22,0
168;1258,1999,13;168,119,123,186,315,218,177,228,317,277,332,320,346,171,284,291,210,302,83,130,4,272,159,106,42,20,23,258,94,175,301,56,289,195,10,48,51,1,22,0
169;25;287,169,235,209,153,271,257,318,293,186,312,338,317,344,277,142,171,305,269,161,300,324,275,274,302,307,245,180,82,47,102,184,290,156,83,130,4,221,272,196,170,20,148,140,251,14,80,158,69,159,106,42,23,175,301,189,122,225,258,281,94,182,5,56,296,289,146,10,195,190,85,48,1,51,77,22,0
169;25,305;169,209,153,338,312,344,277,305,142,269,171,161,300,275,324,274,302,184,156,170,140,148,251,14,80,158,159,69,106,42,23,189,122,296,10,195,48,190,85,51,1,77,22,0
170;108;239,226,246,54,170,148,140,251,14,80,286,224,175,301,299,189,122,19,258,127,94,53,8,296,289,146,10,195,190,85,48,1,51,77,22,0
170;108,241;170,148,140,251,14,80,289,296,10,190,195,85,48,1,51,77,22,0
171;1116;308,171,47,102,184,156,347,88,170,148,140,251,14,80,158,69,159,106,243,42,155,17,23,34,176,143,225,281,5,56,296,289,146,10,195,190,85,48,1,51,77,22,0
171;1116,284;171,243,17,176,143,296,48,190,85,1,22,77,0
172;708;35,81,95,188,45,13,90,118,3,311,7,248,172,253,205,57,32,108,133,162,238,124,194,327,120,71,16,331,105,87,312,131,177,152,297,228,104,295,183,147,192,320,216,322,167,274,210,302,2,41,26,107,145,28,126,197,33,349,165,243,286,17,224,143,122,127,53,8,75,46,280,30,84,296,190,85,1,77,22,0
172;708,293;172,57,108,238,124,162,71,194,331,105,152,87,295,183,147,192,216,320,167,322,274,210,302,2,41,26,107,145,197,33,349,165,286,243,224,17,127,53,8,143,122,280,30,84,296,190,85,77,1,22,0
173;700;252,219,173,246,54,176,299,189,143,122,19,225,258,281,127,94,53,8,75,46,296,289,146,10,195,190,85,48,1,51,77,22,0
173;700,1201;173,258,94,225,281,289,10,195,48,1,51,22,0
174;586;213,227,60,174,97,230,283,96,342,260,233,343,316,117,52,270,232,329,98,263,65,331,132,105,87,312,294,218,297,228,306,317,259,256,344,183,204,192,277,216,141,171,346,240,161,300,291,167,324,274,302,307,245,185,70,47,102,220,62,208,109,239,226,64,221,272,196,246,54,20,148,140,251,14,80,155,175,34,301,299,19,225,258,281,127,94,53,8,182,5,56,289,146,10,195,190,48,1,51,77,22,0
174;586,1201;174,283,96,316,117,52,329,98,263,132,294,218,312,87,297,228,317,256,344,204,277,171,216,192,346,161,291,324,274,302,307,245,47,102,64,109,196,272,140,251,14,80,20,155,175,34,301,258,94,225,281,182,5,56,289,10,195,48,51,1,22,0
175;122;196,246,54,175,301,299,189,122,19,225,258,281,127,94,53,8,75,46,182,5,56,296,289,146,10,195,190,85,48,1,51,77,22,0
175;122,255;175,301,289,296,146,10,195,190,48,85,1,77,51,22,0
176;84;246,54,176,299,189,143,122,19,225,258,281,127,94,53,8,75,46,296,289,146,10,195,190,85,48,1,51,77,22,0
176;84,37;176,143,289,296,146,190,10,85,195,48,1,77,51,22,0
177;483;99,336,237,211,327,315,261,294,177,297,171,332,346,173,284,322,210,347,88,158,69,159,106,243,42,155,17,23,34,176,143,225,281,75,46,296,289,10,195,190,85,48,1,51,77,22,0
177;483,708;327,177,297,322,210,243,17,143,75,46,296,85,190,1,77,22,0
177;483,708,13;177,297,210,1,22,0
178;1266;215,178,200,332,284,322,210,199,6,164,63,290,83,130,4,64,234,314,197,33,20,158,69,159,106,42,155,23,34,176,143,225,258,281,94,75,46,182,5,280,30,56,84,296,289,146,10,195,190,85,48,1,51,77,22,0
178;1266,284;178,332,322,210,314,197,33,176,143,75,46,30,280,84,296,85,48,190,1,77,22,0
179;1751;229,285,217,179,152,308,219,240,291,167,250,2,223,113,41,26,268,107,28,126,197,33,349,165,243,286,17,224,175,301,299,189,122,19,127,53,8,75,46,280,30,84,296,289,146,10,195,190,85,48,1,51,77,22,0
179;1751,83;285,217,179,152,240,167,291,299,19,127,53,8,175,301,289,190,48,10,195,77,1,22,51,0
179;1751,83,16;179,152,167,127,53,8,190,48,77,1,22,0
180;682;180,82,290,83,130,4,20,158,69,159,106,42,23,176,189,143,122,225,258,281,94,75,46,56,296,289,146,10,195,190,85,48,1,51,77,22,0
181;1858;255,330,313,304,181,124,71,252,261,179,152,259,183,204,216,219,173,322,167,210,250,2,223,113,41,26,268,107,234,314,197,33,243,17,176,299,189,143,122,19,225,281,127,53,8,75,46,280,30,84,296,289,146,10,195,190,85,48,1,51,77,22,0
181;1858,284;181,124,71,179,261,152,183,173,216,167,322,210,250,2,113,41,26,268,107,314,197,33,127,53,8,243,17,189,176,143,122,75,46,280,30,84,296,190,85,48,77,1,22,0
182;834;246,54,176,299,189,143,122,19,225,258,281,127,94,53,8,75,46,182,5,56,296,289,146,10,195,190,85,48,1,51,77,22,0
182;834,1201;258,94,225,281,182,5,56,289,10,195,48,1,51,22,0
182;834,1201,5;182,5,56,289,10,195,48,51,1,22,0
183;1189;45,13,118,313,342,304,343,124,329,327,120,71,16,312,177,152,297,228,259,183,204,216,322,167,274,210,246,54,299,143,122,19,225,258,281,127,94,53,8,75,46,289,10,195,190,85,1,51,77,22,0
183;1189,62;183,299,19,127,53,8,225,281,289,10,190,195,85,1,77,51,22,0
184;1135;184,156,347,88,170,148,140,251,14,80,158,69,159,106,243,42,286,155,17,23,224,175,34,301,296,289,146,10,195,190,85,48,1,51,77,22,0
185;376;185,70,220,62,64,246,54,20,155,34,176,299,143,19,225,258,281,127,94,53,8,75,46,182,5,56,296,289,146,10,195,190,85,48,1,51,77,22,0
186;1096;73,72,100,21,334,37,15,110,9,333,134,32,341,304,25,133,98,123,71,16,293,27,186,264,135,131,317,104,295,204,192,277,320,216,275,274,210,302,88,69,42,17,23,281,75,46,195,85,51,77,22,0
186;1096,147;293,186,317,277,275,302,69,42,23,281,195,85,51,77,22,0
186;1096,147,13;186,317,277,302,42,23,281,195,51,22,0
187;500;187,67,265,37,110,323,205,279,99,32,341,133,267,238,336,237,211,327,120,16,27,264,315,261,135,131,242,177,104,295,147,192,320,171,332,346,173,284,322,275,274,210,302,49,164,63,268,107,11,203,145,28,126,347,88,197,33,349,165,158,69,159,106,243,42,286,17,23,224,176,189,143,122,75,46,280,30,84,296,195,190,85,48,1,51,77,22,0
188;1899;326,50,188,139,118,334,325,278,279,333,341,52,153,119,238,98,211,123,191,217,318,293,186,264,312,177,152,297,228,317,256,295,344,147,192,277,320,305,269,161,284,300,291,324,275,274,210,302,184,156,347,88,170,148,251,14,80,158,69,106,243,42,286,17,23,224,34,301,296,10,195,190,85,1,51,77,22,0
188;1899,708;188,118,238,312,177,297,228,152,295,147,192,320,274,210,302,243,17,286,224,296,190,85,1,77,22,0
189;84;246,54,176,299,189,143,122,19,225,258,281,127,94,53,8,75,46,296,289,146,10,195,190,85,48,1,51,77,22,0
189;84,22;189,122,289,296,146,190,10,85,195,48,1,77,51,22,0
190;84;246,54,176,299,189,143,122,19,225,258,281,127,94,53,8,75,46,296,289,146,10,195,190,85,48,1,51,77,22,0
190;84,1677;53,8,75,46,190,85,77,22,0
190;84,1677,2;190,85,77,22,0
191;1377;191,264,256,295,192,142,305,269,161,300,324,275,274,302,307,245,49,47,102,164,63,184,156,268,107,149,11,196,347,88,197,33,170,148,140,251,14,80,349,165,158,69,159,106,243,42,17,23,175,301,189,122,225,281,182,5,280,30,56,84,296,289,146,10,195,190,85,48,1,51,77,22,0
192;1906;58,74,97,7,9,117,25,108,133,105,87,131,317,104,192,320,216,302,8,46,77,0
192;1906,121;192,302,77,0
193;1196;193,202,339,36,223,113,41,26,239,226,197,33,170,148,140,251,14,80,243,286,155,17,224,175,34,301,299,19,127,53,8,280,84,296,289,146,10,195,190,85,48,1,51,77,22,0
194;1677;18,100,129,21,125,3,29,7,333,57,32,343,108,133,98,123,194,71,16,331,105,87,131,104,295,147,192,277,320,216,274,210,302,26,126,33,165,17,224,53,8,75,46,84,190,85,77,22,0
194;1677,24;194,331,105,87,295,192,216,274,302,26,33,165,17,53,8,84,190,85,77,22,0
195;84;246,54,176,299,189,143,122,19,225,258,281,127,94,53,8,75,46,296,289,146,10,195,190,85,48,1,51,77,22,0
195;84,388;94,281,10,195,51,22,0
195;84,388,31;195,51,22,0
196;122;196,246,54,175,301,299,189,122,19,225,258,281,127,94,53,8,75,46,182,5,56,296,289,146,10,195,190,85,48,1,51,77,22,0
197;442;339,36,223,113,41,26,197,33,243,155,17,34,176,299,143,19,225,281,127,53,8,75,46,280,84,296,289,146,10,195,190,85,48,1,51,77,22,0
197;442,140;197,33,280,84,296,289,146,190,85,10,48,195,77,1,51,22,0
198;1201;76,66,101,198,44,61,174,12,282,287,283,325,214,96,99,134,316,117,25,169,168,52,153,119,262,254,329,98,271,263,123,257,318,132,186,264,315,135,87,312,294,218,177,297,228,338,317,104,256,344,204,192,277,320,216,171,332,269,346,173,161,284,31,291,324,274,210,302,307,245,199,6,47,102,184,156,83,130,4,109,64,272,196,20,140,251,14,80,159,106,42,155,23,175,34,301,225,258,281,94,182,5,56,289,10,195,48,1,51,22,0
198;1201,13;198,44,61,12,174,282,287,283,214,325,96,134,316,117,25,168,169,52,119,153,329,271,98,123,263,318,257,186,132,315,294,218,264,312,135,317,338,177,297,228,87,344,104,256,277,204,171,192,269,332,320,346,216,31,161,284,324,291,274,210,302,199,307,6,245,83,47,130,102,4,184,156,64,196,109,272,20,140,251,14,80,159,106,42,23,155,175,34,258,301,94,225,281,182,5,56,289,10,195,48,51,1,22,0
199;721;199,6,290,83,130,4,64,20,158,69,159,106,42,155,23,34,176,143,225,258,281,94,75,46,182,5,56,296,289,146,10,195,190,85,48,1,51,77,22,0
200;1012;308,200,332,180,82,290,83,130,4,196,20,158,69,159,106,42,23,175,301,189,122,225,258,281,94,75,46,182,5,56,296,289,146,10,195,190,85,48,1,51,77,22,0
200;1012,1528;200,332,158,69,159,106,42,23,189,122,296,146,195,10,48,85,190,1,51,77,22,0
201;340;201,311,248,233,236,303,276,270,232,288,162,209,263,65,194,331,132,105,87,312,306,259,256,295,183,204,192,216,142,171,240,161,300,291,167,324,274,302,307,245,193,202,250,2,47,102,220,62,223,113,41,26,268,107,239,226,221,272,196,197,33,170,20,148,140,251,14,80,349,165,243,17,175,301,299,189,122,19,225,281,127,53,8,182,5,280,30,56,84,296,289,146,10,195,190,85,48,1,51,77,22,0
202;1196;193,202,339,36,223,113,41,26,239,226,197,33,170,148,140,251,14,80,243,286,155,17,224,175,34,301,299,19,127,53,8,280,84,296,289,146,10,195,190,85,48,1,51,77,22,0
202;1196,110;202,36,41,26,239,226,170,148,251,14,197,80,33,19,127,53,8,243,17,286,224,34,280,84,296,190,10,85,1,77,51,22,0
203;437;203,145,28,126,246,54,349,165,286,224,176,299,189,143,122,19,258,127,94,53,8,75,46,280,30,84,296,289,146,10,195,190,85,48,1,51,77,22,0
204;1189;45,13,118,313,342,304,343,124,329,327,120,71,16,312,177,152,297,228,259,183,204,216,322,167,274,210,246,54,299,143,122,19,225,258,281,127,94,53,8,75,46,289,10,195,190,85,1,51,77,22,0
204;1189,388;304,71,16,204,216,274,210,94,281,10,195,51,22,0
204;1189,388,54;204,216,281,10,195,51,22,0
205;1566;323,205,237,327,27,315,135,131,177,104,308,147,200,320,332,284,322,275,210,302,199,6,164,63,290,83,130,4,64,203,145,28,126,197,33,20,349,165,158,69,159,106,42,286,155,23,224,34,176,143,258,94,75,46,182,5,280,30,56,84,296,289,146,10,195,190,85,48,1,51,77,22,0
205;1566,110;205,327,177,147,320,322,210,302,145,165,197,33,286,224,143,34,280,84,296,85,10,190,1,51,77,22,0
206;1957;128,95,326,188,139,13,206,121,118,29,37,110,248,278,279,32,341,133,153,119,238,340,211,123,120,217,16,27,264,135,312,131,177,152,297,228,104,295,147,192,277,320,284,291,275,274,210,302,49,63,107,28,126,347,88,33,349,165,158,69,106,243,42,286,17,23,224,301,122,75,46,30,84,296,195,190,85,1,51,77,22,0
206;1957,121;206,248,153,340,264,312,295,192,277,275,274,302,49,63,107,347,88,158,349,33,69,165,106,42,23,243,17,122,301,30,84,296,85,190,195,1,77,51,22,0
207;456;67,265,207,99,267,285,120,217,16,179,218,242,152,228,171,332,346,240,173,291,167,274,11,28,126,246,54,349,165,286,224,175,301,299,189,122,19,258,127,94,53,8,75,46,30,84,296,289,10,195,190,85,48,1,51,77,22,0
207;456,716;207,99,179,152,173,171,346,332,167,274,165,299,19,127,53,8,84,296,289,190,85,10,195,48,1,77,22,51,0
208;99;208,109,347,88,158,69,159,106,243,42,155,17,23,34,176,143,225,281,75,46,182,5,56,296,289,146,10,195,190,85,48,1,51,77,22,0
209;77;270,209,252,312,306,183,219,142,171,173,161,274,47,102,239,226,246,54,170,148,140,251,14,80,176,299,189,143,122,19,225,258,281,127,94,53,8,5,56,296,289,146,10,195,190,85,48,1,51,77,22,0
209;77,305;209,312,142,171,173,161,274,170,148,140,251,14,80,189,176,122,143,296,10,190,195,48,85,1,51,77,22,0
210;483;99,336,237,211,327,315,261,294,177,297,171,332,346,173,284,322,210,347,88,158,69,159,106,243,42,155,17,23,34,176,143,225,281,75,46,296,289,10,195,190,85,48,1,51,77,22,0
210;483,633;210,10,190,51,77,22,0
211;483;99,336,237,211,327,315,261,294,177,297,171,332,346,173,284,322,210,347,88,158,69,159,106,243,42,155,17,23,34,176,143,225,281,75,46,296,289,10,195,190,85,48,1,51,77,22,0
211;483,297;211,177,297,284,210,106,42,23,34,225,281,289,195,10,1,51,22,0
212;944;212,328,121,29,278,335,244,292,168,119,340,123,252,27,315,135,218,131,177,228,104,147,277,200,320,141,332,346,284,291,275,210,302,199,6,63,290,83,130,4,64,221,272,28,126,33,20,349,165,158,69,159,106,42,286,155,23,224,175,34,301,258,94,75,46,182,5,30,56,84,296,289,146,10,195,190,85,48,1,51,77,22,0
213;586;213,227,60,174,97,230,283,96,342,260,233,343,316,117,52,270,232,329,98,263,65,331,132,105,87,312,294,218,297,228,306,317,259,256,344,183,204,192,277,216,141,171,346,240,161,300,291,167,324,274,302,307,245,185,70,47,102,220,62,208,109,239,226,64,221,272,196,246,54,20,148,140,251,14,80,155,175,34,301,299,19,225,258,281,127,94,53,8,182,5,56,289,146,10,195,190,48,1,51,77,22,0
214;1987;59,114,139,13,91,118,15,68,9,214,166,134,25,153,119,329,211,123,120,217,257,16,293,27,186,135,312,131,177,152,297,228,317,104,204,277,320,216,284,291,275,274,210,302,82,130,4,20,69,106,42,23,301,122,225,258,281,94,75,46,56,289,10,195,85,1,51,77,22,0
214;1987,13;214,134,25,119,153,329,123,257,186,135,177,312,317,104,228,297,204,277,320,216,284,291,210,274,302,130,4,20,106,42,23,258,94,225,281,301,56,289,195,10,51,1,22,0
215;1266;215,178,200,332,284,322,210,199,6,164,63,290,83,130,4,64,234,314,197,33,20,158,69,159,106,42,155,23,34,176,143,225,258,281,94,75,46,182,5,280,30,56,84,296,289,146,10,195,190,85,48,1,51,77,22,0
216;1906;58,74,97,7,9,117,25,108,133,105,87,131,317,104,192,320,216,302,8,46,77,0
216;1906,54;216,8,46,77,0
217;1751;229,285,217,179,152,308,219,240,291,167,250,2,223,113,41,26,268,107,28,126,197,33,349,165,243,286,17,224,175,301,299,189,122,19,127,53,8,75,46,280,30,84,296,289,146,10,195,190,85,48,1,51,77,22,0
217;1751,297;217,152,291,301,289,10,195,1,22,51,0
218;393;218,228,141,346,240,291,167,185,70,220,62,208,109,239,226,64,221,272,246,54,170,20,148,140,251,14,80,286,155,224,175,34,301,299,19,258,127,94,53,8,182,5,56,296,289,146,10,195,190,85,48,1,51,77,22,0
219;700;252,219,173,246,54,176,299,189,143,122,19,225,258,281,127,94,53,8,75,46,296,289,146,10,195,190,85,48,1,51,77,22,0
219;700,439;219,299,19,127,53,8,296,289,146,190,10,85,195,48,1,77,51,22,0
220;376;185,70,220,62,64,246,54,20,155,34,176,299,143,19,225,258,281,127,94,53,8,75,46,182,5,56,296,289,146,10,195,190,85,48,1,51,77,22,0
220;376,52;220,62,20,299,19,127,53,8,182,5,56,289,296,146,10,195,190,48,85,1,77,51,22,0
221;9;221,272,196,246,54,175,301,299,189,122,19,225,258,281,127,94,53,8,75,46,182,5,56,296,289,146,10,195,190,85,48,1,51,77,22,0
222;525;222,144,247,298,253,244,266,285,217,252,179,294,152,297,259,204,216,141,219,346,240,291,167,310,116,339,36,220,62,223,113,41,208,26,109,196,197,33,20,243,155,17,175,34,301,299,19,225,281,127,53,8,75,46,182,5,280,56,84,296,289,146,10,195,190,85,48,1,51,77,22,0
223;442;339,36,223,113,41,26,197,33,243,155,17,34,176,299,143,19,225,281,127,53,8,75,46,280,84,296,289,146,10,195,190,85,48,1,51,77,22,0
223;442,16;223,113,41,26,197,33,127,53,8,243,17,176,143,75,46,280,84,296,146,190,85,48,77,1,22,0
224;20;28,126,246,54,349,165,286,224,175,301,299,189,122,19,258,127,94,53,8,75,46,30,84,296,289,146,10,195,190,85,48,1,51,77,22,0
224;20,633;54,19,53,8,224,94,190,10,77,51,22,0
224;20,633,31;224,190,77,51,22,0
225;84;246,54,176,299,189,143,122,19,225,258,281,127,94,53,8,75,46,296,289,146,10,195,190,85,48,1,51,77,22,0
225;84,297;258,94,225,281,289,10,195,1,51,22,0
225;84,297,0;225,281,289,10,195,51,1,22,0
226;108;239,226,246,54,170,148,140,251,14,80,286,224,175,301,299,189,122,19,258,127,94,53,8,296,289,146,10,195,190,85,48,1,51,77,22,0
226;108,633;226,54,148,14,80,19,53,8,94,224,10,190,51,77,22,0
227;1431;39,92,50,45,112,227,137,60,118,97,230,283,96,313,342,304,343,117,52,232,124,329,98,263,65,327,71,331,132,105,87,312,177,152,297,228,317,259,256,344,183,204,192,277,216,161,322,300,167,324,274,210,302,70,47,102,62,239,226,64,246,54,20,148,251,14,80,34,299,143,19,225,258,281,127,94,53,8,5,56,289,10,195,190,1,51,77,22,0
227;1431,586;227,60,97,230,283,96,342,343,117,52,232,329,98,263,65,132,331,105,87,312,297,228,317,259,256,344,183,204,277,192,216,161,300,167,324,274,302,70,47,102,239,226,62,64,246,54,148,251,14,80,20,299,19,127,53,8,258,94,225,281,34,5,56,289,10,195,190,51,1,77,22,0
228;1189;45,13,118,313,342,304,343,124,329,327,120,71,16,312,177,152,297,228,259,183,204,216,322,167,274,210,246,54,299,143,122,19,225,258,281,127,94,53,8,75,46,289,10,195,190,85,1,51,77,22,0
228;1189,396;228,177,210,258,94,289,10,190,195,85,1,77,51,22,0
229;80;229,308,219,339,36,223,113,41,26,197,33,243,155,17,34,176,299,143,19,225,281,127,53,8,75,46,280,84,296,289,146,10,195,190,85,48,1,51,77,22,0
230;110;78,81,50,188,45,103,125,38,118,86,230,311,172,253,205,333,57,108,52,288,238,124,98,65,194,327,71,331,132,105,87,312,177,152,297,228,256,295,344,183,147,192,277,320,216,161,322,300,167,324,274,210,302,202,36,41,26,239,226,145,197,33,170,148,251,14,80,165,243,286,17,224,34,143,19,127,53,8,280,84,296,10,190,85,1,51,77,22,0
230;110,586;230,52,65,98,331,105,132,87,312,297,256,228,183,344,192,216,277,161,167,300,324,274,302,239,226,148,251,14,80,19,127,53,8,34,190,10,1,77,51,22,0
231;1274;231,330,335,215,178,336,211,252,261,200,332,173,284,322,210,49,164,63,268,107,234,314,347,88,197,33,158,69,159,106,243,42,17,23,176,189,143,122,225,281,75,46,280,30,84,296,289,146,10,195,190,85,48,1,51,77,22,0
232;1431;39,92,50,45,112,227,137,60,118,97,230,283,96,313,342,304,343,117,52,232,124,329,98,263,65,327,71,331,132,105,87,312,177,152,297,228,317,259,256,344,183,204,192,277,216,161,322,300,167,324,274,210,302,70,47,102,62,239,226,64,246,54,20,148,251,14,80,34,299,143,19,225,258,281,127,94,53,8,5,56,289,10,195,190,1,51,77,22,0
232;1431,502;232,263,65,132,331,105,87,259,256,183,204,192,216,161,300,167,324,274,302,47,102,239,226,62,148,251,14,80,20,299,19,127,53,8,225,281,5,56,289,10,195,190,51,1,77,22,0
233;668;233,236,232,288,162,254,263,65,194,331,132,105,87,306,259,256,295,183,204,192,216,219,142,240,161,160,43,300,291,167,324,274,302,307,245,193,202,250,2,47,102,220,62,223,113,41,26,268,107,239,226,149,11,221,272,196,197,33,170,20,148,140,251,14,80,349,165,243,17,175,301,299,189,122,19,225,281,127,53,8,182,5,280,30,56,84,296,289,146,10,195,190,85,48,1,51,77,22,0
234;6;234,314,246,54,176,299,189,143,122,19,225,258,281,127,94,53,8,75,46,280,30,84,296,289,146,10,195,190,85,48,1,51,77,22,0
235;88;235,271,257,142,305,269,161,300,324,275,79,274,302,307,245,180,82,47,102,164,63,184,290,156,83,130,4,149,11,196,197,33,170,20,148,140,251,14,80,349,165,158,69,159,106,42,23,175,301,189,122,225,258,281,94,182,5,280,30,56,84,296,289,146,10,195,190,85,48,1,51,77,22,0
236;293;38,86,157,172,57,236,108,181,288,162,238,124,65,194,71,331,132,105,261,87,179,242,152,306,256,295,183,147,192,320,216,219,142,173,161,160,322,43,300,167,324,274,210,302,193,202,250,2,223,113,41,26,268,107,239,226,149,11,234,314,203,145,197,33,170,148,140,251,14,80,349,165,243,286,17,224,176,189,143,122,19,127,53,8,280,30,84,296,146,10,190,85,48,1,51,77,22,0
236;293,340;236,288,162,194,65,331,105,132,87,306,295,183,256,192,142,216,161,167,300,324,274,302,193,202,250,2,223,113,41,26,239,268,226,107,197,33,170,148,140,251,14,349,80,165,19,127,243,53,17,8,189,122,280,30,84,296,146,190,85,10,48,77,1,51,22,0
237;483;99,336,237,211,327,315,261,294,177,297,171,332,346,173,284,322,210,347,88,158,69,159,106,243,42,155,17,23,34,176,143,225,281,75,46,296,289,10,195,190,85,48,1,51,77,22,0
237;483,132;237,327,315,177,332,284,322,210,158,69,159,106,42,23,155,34,176,143,296,289,195,85,10,190,48,1,51,77,22,0
238;999;37,110,279,32,341,133,238,336,211,120,16,27,264,261,135,131,242,104,295,147,192,320,173,284,322,275,274,210,302,49,164,63,268,107,149,11,234,314,203,145,28,126,347,88,197,33,349,165,158,69,159,106,243,42,286,17,23,224,176,189,143,122,75,46,280,30,84,296,146,195,190,85,48,1,51,77,22,0
238;999,110;238,147,295,320,192,322,210,274,302,145,197,33,165,243,17,286,224,143,280,84,296,85,190,77,1,51,22,0
239;108;239,226,246,54,170,148,140,251,14,80,286,224,175,301,299,189,122,19,258,127,94,53,8,296,289,146,10,195,190,85,48,1,51,77,22,0
240;1751;229,285,217,179,152,308,219,240,291,167,250,2,223,113,41,26,268,107,28,126,197,33,349,165,243,286,17,224,175,301,299,189,122,19,127,53,8,75,46,280,30,84,296,289,146,10,195,190,85,48,1,51,77,22,0
240;1751,586;240,167,291,299,19,127,53,8,175,301,146,289,190,48,10,195,77,1,22,51,0
241;129;241,31,199,6,290,83,130,4,208,109,64,20,158,69,159,106,42,155,23,34,176,143,225,258,281,94,75,46,182,5,56,296,289,146,10,195,190,85,48,1,51,77,22,0
242;541;120,16,242,173,274,149,11,234,314,203,145,28,126,246,54,349,165,286,224,176,299,189,143,122,19,258,127,94,53,8,75,46,280,30,84,296,289,146,10,195,190,85,48,1,51,77,22,0
242;541,1999;242,173,274,286,224,189,122,258,94,296,289,190,85,48,10,195,77,1,22,51,0
243;116;347,88,158,69,159,106,243,42,155,17,23,34,176,143,225,281,75,46,296,289,146,10,195,190,85,48,1,51,77,22,0
243;116,708;243,17,143,75,46,296,85,190,1,77,22,0
244;1769;335,244,252,200,141,332,346,28,126,347,88,349,165,158,69,159,106,243,42,286,155,17,23,224,175,34,301,75,46,30,84,296,289,146,10,195,190,85,48,1,51,77,22,0
244;1769,1023;244,252,141,346,155,34,175,301,289,146,195,190,48,10,1,77,51,22,0
245;455;307,245,47,102,239,226,196,246,54,170,148,140,251,14,80,175,301,299,189,122,19,225,258,281,127,94,53,8,182,5,56,296,289,146,10,195,190,85,48,1,51,77,22,0
245;455,297;245,47,102,251,14,80,301,225,258,281,94,5,56,289,10,195,1,51,22,0
246;84;246,54,176,299,189,143,122,19,225,258,281,127,94,53,8,75,46,296,289,146,10,195,190,85,48,1,51,77,22,0
247;54;247,253,266,294,297,259,204,216,141,346,240,291,167,310,116,339,36,220,62,223,113,41,208,26,109,221,272,196,197,33,20,243,155,17,175,34,301,299,19,225,281,127,53,8,75,46,182,5,280,56,84,296,289,146,10,195,190,85,48,1,51,77,22,0
248;708;35,81,95,188,45,13,90,118,3,311,7,248,172,253,205,57,32,108,133,162,238,124,194,327,120,71,16,331,105,87,312,131,177,152,297,228,104,295,183,147,192,320,216,322,167,274,210,302,2,41,26,107,145,28,126,197,33,349,165,243,286,17,224,143,122,127,53,8,75,46,280,30,84,296,190,85,1,77,22,0
248;708,121;248,312,295,192,274,302,107,197,33,349,165,243,17,122,280,30,84,296,190,85,77,1,22,0
249;142;249,313,229,304,181,124,71,261,179,152,259,183,308,204,216,219,173,160,322,43,167,210,250,2,223,113,41,26,268,107,149,11,234,314,197,33,243,17,176,299,189,143,122,19,225,281,127,53,8,75,46,280,30,84,296,289,146,10,195,190,85,48,1,51,77,22,0
250;72;250,2,223,113,41,26,268,107,197,33,243,17,176,299,189,143,122,19,225,281,127,53,8,75,46,280,30,84,296,289,146,10,195,190,85,48,1,51,77,22,0
251;108;239,226,246,54,170,148,140,251,14,80,286,224,175,301,299,189,122,19,258,127,94,53,8,296,289,146,10,195,190,85,48,1,51,77,22,0
251;108,297;251,14,80,258,94,301,289,10,195,1,51,22,0
252;700;252,219,173,246,54,176,299,189,143,122,19,225,258,281,127,94,53,8,75,46,296,289,146,10,195,190,85,48,1,51,77,22,0
253;54;247,253,266,294,297,259,204,216,141,346,240,291,167,310,116,339,36,220,62,223,113,41,208,26,109,221,272,196,197,33,20,243,155,17,175,34,301,299,19,225,281,127,53,8,75,46,182,5,280,56,84,296,289,146,10,195,190,85,48,1,51,77,22,0
253;54,708;253,297,216,167,41,26,197,33,127,53,8,243,17,75,46,280,84,296,190,85,1,77,22,0
254;272;244,254,252,218,228,141,219,346,240,291,167,185,70,220,62,64,221,272,28,126,246,54,20,349,165,286,155,224,175,34,301,299,19,258,127,94,53,8,75,46,182,5,30,56,84,296,289,146,10,195,190,85,48,1,51,77,22,0
254;272,1201;254,218,228,346,291,64,272,20,155,175,34,258,301,94,182,5,56,289,10,195,48,1,51,22,0
255;1858;255,330,313,304,181,124,71,252,261,179,152,259,183,204,216,219,173,322,167,210,250,2,223,113,41,26,268,107,234,314,197,33,243,17,176,299,189,143,122,19,225,281,127,53,8,75,46,280,30,84,296,289,146,10,195,190,85,48,1,51,77,22,0
256;633;89,115,129,21,60,38,86,97,96,57,343,117,108,98,65,123,71,16,331,132,105,87,317,256,147,192,277,320,216,300,324,274,210,302,226,54,148,14,80,224,19,94,53,8,10,190,51,77,22,0
256;633,196;256,192,300,324,274,302,148,14,80,10,190,51,77,22,0
257;388;111,72,115,21,61,137,68,12,96,134,341,304,117,25,98,263,123,71,257,16,132,186,264,135,87,317,104,256,204,192,277,320,216,269,324,274,210,302,102,156,4,20,14,80,42,23,281,94,56,10,195,51,22,0
257;388,287;68,257,16,135,104,320,274,210,302,4,20,42,23,94,56,10,195,51,22,0
257;388,287,25;257,274,302,4,20,42,23,94,56,195,10,51,22,0
258;84;246,54,176,299,189,143,122,19,225,258,281,127,94,53,8,75,46,296,289,146,10,195,190,85,48,1,51,77,22,0
258;84,297;258,94,225,281,289,10,195,1,51,22,0
259;1189;45,13,118,313,342,304,343,124,329,327,120,71,16,312,177,152,297,228,259,183,204,216,322,167,274,210,246,54,299,143,122,19,225,258,281,127,94,53,8,75,46,289,10,195,190,85,1,51,77,22,0
259;1189,54;259,297,204,216,167,299,19,127,53,8,225,281,75,46,289,10,190,195,85,1,77,51,22,0
260;291;334,325,333,260,316,169,52,153,98,191,318,293,186,264,312,294,297,338,317,256,295,344,192,277,141,171,305,269,346,161,300,324,275,274,302,307,245,47,102,184,156,208,109,221,272,196,347,88,170,148,140,251,14,80,158,69,159,106,243,42,155,17,23,175,34,301,225,281,182,5,56,296,289,146,10,195,190,85,48,1,51,77,22,0
260;291,586;260,316,52,98,294,312,297,317,344,256,277,141,171,192,346,161,300,324,274,302,307,245,47,102,208,109,196,221,272,140,148,251,14,80,175,155,301,34,225,281,182,5,56,289,146,10,195,48,190,51,1,77,22,0
261;483;99,336,237,211,327,315,261,294,177,297,171,332,346,173,284,322,210,347,88,158,69,159,106,243,42,155,17,23,34,176,143,225,281,75,46,296,289,10,195,190,85,48,1,51,77,22,0
261;483,16;261,173,322,210,243,17,176,143,75,46,296,85,190,48,1,77,22,0
262;934;154,328,335,309,262,237,327,252,315,177,200,332,173,284,322,210,180,82,290,83,130,4,20,158,69,159,106,42,23,176,189,143,122,225,258,281,94,75,46,56,296,289,146,10,195,190,85,48,1,51,77,22,0
262;934,1201;262,315,177,332,173,284,210,83,130,4,159,106,42,23,20,258,94,225,281,56,289,195,10,48,1,51,22,0
263;388;111,72,115,21,61,137,68,12,96,134,341,304,117,25,98,263,123,71,257,16,132,186,264,135,87,317,104,256,204,192,277,320,216,269,324,274,210,302,102,156,4,20,14,80,42,23,281,94,56,10,195,51,22,0
263;388,24;263,132,87,256,204,192,216,324,274,302,102,14,80,20,281,56,10,195,51,22,0
264;759;40,74,12,86,110,117,25,108,133,132,264,135,87,317,104,192,320,216,324,302,80,23,51,0
264;759,121;264,192,324,302,80,23,51,0
265;456;67,265,207,99,267,285,120,217,16,179,218,242,152,228,171,332,346,240,173,291,167,274,11,28,126,246,54,349,165,286,224,175,301,299,189,122,19,258,127,94,53,8,75,46,30,84,296,289,10,195,190,85,48,1,51,77,22,0
265;456,305;265,99,242,173,171,346,332,274,349,165,286,224,189,122,30,84,296,190,85,10,195,48,1,77,22,51,0
266;1535;244,266,285,217,252,179,152,141,219,346,240,291,167,339,36,223,113,41,26,28,126,197,33,349,165,243,286,155,17,224,175,34,301,299,19,127,53,8,75,46,280,30,84,296,289,146,10,195,190,85,48,1,51,77,22,0
266;1535,63;266,240,141,346,167,291,339,36,223,113,41,26,197,33,165,299,19,127,53,8,243,17,155,175,34,301,280,84,296,289,146,190,85,48,10,195,1,77,22,51,0
267;1970;163,267,252,242,219,142,171,173,161,274,239,226,149,11,203,145,246,54,170,148,140,251,14,80,349,165,286,224,176,299,189,143,122,19,258,127,94,53,8,280,30,84,296,289,146,10,195,190,85,48,1,51,77,22,0
267;1970,1163;267,242,173,171,274,11,349,165,286,224,189,122,258,94,30,84,296,289,190,85,10,48,195,1,77,51,22,0
268;72;250,2,223,113,41,26,268,107,197,33,243,17,176,299,189,143,122,19,225,281,127,53,8,75,46,280,30,84,296,289,146,10,195,190,85,48,1,51,77,22,0
268;72,22;268,107,197,33,243,17,189,122,280,30,84,296,146,289,190,85,48,10,195,77,1,22,51,0
269;388;111,72,115,21,61,137,68,12,96,134,341,304,117,25,98,263,123,71,257,16,132,186,264,135,87,317,104,256,204,192,277,320,216,269,324,274,210,302,102,156,4,20,14,80,42,23,281,94,56,10,195,51,22,0
269;388,239;320,269,324,210,302,156,4,14,80,20,42,23,94,56,10,195,51,22,0
269;388,239,121;269,324,302,156,14,80,42,23,56,10,195,51,22,0
270;77;270,209,252,312,306,183,219,142,171,173,161,274,47,102,239,226,246,54,170,148,140,251,14,80,176,299,189,143,122,19,225,258,281,127,94,53,8,5,56,296,289,146,10,195,190,85,48,1,51,77,22,0
271;88;235,271,257,142,305,269,161,300,324,275,79,274,302,307,245,180,82,47,102,164,63,184,290,156,83,130,4,149,11,196,197,33,170,20,148,140,251,14,80,349,165,158,69,159,106,42,23,175,301,189,122,225,258,281,94,182,5,280,30,56,84,296,289,146,10,195,190,85,48,1,51,77,22,0
271;88,297;271,257,269,161,324,274,302,245,184,156,130,4,47,102,251,14,80,106,20,42,23,301,258,94,225,281,5,56,289,10,195,51,1,22,0
272;9;221,272,196,246,54,175,301,299,189,122,19,225,258,281,127,94,53,8,75,46,182,5,56,296,289,146,10,195,190,85,48,1,51,77,22,0
272;9,1201;196,272,175,301,258,94,225,281,182,5,56,289,10,195,48,1,51,22,0
272;9,1201,47;272,175,301,182,5,56,289,10,195,48,51,1,22,0
273;284;138,273,136,67,337,90,265,207,3,157,7,172,99,57,32,108,276,133,181,162,267,238,178,124,194,120,71,16,331,105,261,87,179,131,242,152,104,295,183,147,192,320,216,171,332,346,173,322,43,167,274,210,302,250,2,113,41,26,268,107,11,314,203,145,28,126,197,33,349,165,243,286,17,224,176,189,143,122,127,53,8,75,46,280,30,84,296,190,85,48,1,77,22,0
273;284,1402;273,136,265,207,157,172,57,99,108,181,162,238,124,276,178,71,194,331,105,261,179,242,152,87,295,183,147,192,173,216,320,171,332,167,346,322,274,210,302,250,2,113,41,26,268,107,203,145,314,197,33,349,165,243,17,286,224,176,189,143,122,127,53,8,280,30,84,296,190,85,48,77,1,22,0
274;541;120,16,242,173,274,149,11,234,314,203,145,28,126,246,54,349,165,286,224,176,299,189,143,122,19,258,127,94,53,8,75,46,280,30,84,296,289,146,10,195,190,85,48,1,51,77,22,0
274;541,388;16,274,94,10,195,22,51,0
274;541,388,16;16,274,22,0
274;541,388,16,13;274,22,0
275;1096;73,72,100,21,334,37,15,110,9,333,134,32,341,304,25,133,98,123,71,16,293,27,186,264,135,131,317,104,295,204,192,277,320,216,275,274,210,302,88,69,42,17,23,281,75,46,195,85,51,77,22,0
275;1096,550;275,302,69,42,23,281,195,85,51,77,22,0
276;1291;229,303,276,306,183,308,219,171,193,202,339,36,47,102,223,113,41,26,239,226,197,33,170,148,140,251,14,80,243,155,17,34,176,299,143,19,225,281,127,53,8,5,280,56,84,296,289,146,10,195,190,85,48,1,51,77,22,0
276;1291,284;276,183,171,113,41,26,197,33,127,53,8,243,17,176,143,280,84,296,190,48,85,1,77,22,0
277;1677;18,100,129,21,125,3,29,7,333,57,32,343,108,133,98,123,194,71,16,331,105,87,131,104,295,147,192,277,320,216,274,210,302,26,126,33,165,17,224,53,8,75,46,84,190,85,77,22,0
277;1677,147;277,302,190,85,77,22,0
278;1899;326,50,188,139,118,334,325,278,279,333,341,52,153,119,238,98,211,123,191,217,318,293,186,264,312,177,152,297,228,317,256,295,344,147,192,277,320,305,269,161,284,300,291,324,275,274,210,302,184,156,347,88,170,148,251,14,80,158,69,106,243,42,286,17,23,224,34,301,296,10,195,190,85,1,51,77,22,0
278;1899,227;278,119,123,177,228,147,277,320,284,275,291,210,302,158,69,106,42,23,286,224,34,301,296,10,195,190,85,51,1,77,22,0
279;999;37,110,279,32,341,133,238,336,211,120,16,27,264,261,135,131,242,104,295,147,192,320,173,284,322,275,274,210,302,49,164,63,268,107,149,11,234,314,203,145,28,126,347,88,197,33,349,165,158,69,159,106,243,42,286,17,23,224,176,189,143,122,75,46,280,30,84,296,146,195,190,85,48,1,51,77,22,0
279;999,1899;279,341,238,211,264,147,295,320,192,284,275,210,274,302,347,88,158,69,106,42,23,243,17,286,224,296,85,190,195,77,1,51,22,0
280;1357;246,54,176,299,189,143,122,19,225,258,281,127,94,53,8,75,46,280,30,84,296,289,146,10,195,190,85,48,1,51,77,22,0
280;1357,47;280,30,84,296,289,146,190,85,10,195,48,77,1,51,22,0
281;84;246,54,176,299,189,143,122,19,225,258,281,127,94,53,8,75,46,296,289,146,10,195,190,85,48,1,51,77,22,0
281;84,388;94,281,10,195,51,22,0
281;84,388,1096;281,195,51,22,0
282;1258;101,15,282,9,214,99,134,25,168,119,262,254,329,123,293,27,186,315,135,294,218,131,177,297,228,317,104,204,277,320,216,171,332,346,173,284,291,275,210,302,199,6,83,130,4,64,272,196,20,69,159,106,42,155,23,175,34,301,225,258,281,94,75,46,182,5,56,289,10,195,85,48,1,51,77,22,0
282;1258,13;282,214,134,168,25,119,329,123,186,315,135,218,294,177,228,317,297,104,204,277,332,320,346,171,216,284,291,210,302,199,6,83,130,4,64,196,272,20,159,106,42,23,155,258,175,94,34,301,225,281,182,5,56,289,195,10,48,51,1,22,0
283;297;93,92,114,50,139,44,61,118,12,283,325,214,96,166,134,117,25,52,153,119,329,98,271,263,211,123,217,257,318,132,186,264,135,87,312,177,152,297,228,317,104,256,344,204,192,277,320,216,269,161,284,291,324,274,210,302,245,6,47,102,184,156,130,4,64,20,251,14,80,106,42,23,34,301,225,258,281,94,5,56,289,10,195,1,51,22,0
283;297,586;283,96,117,52,329,98,263,132,312,317,87,297,228,344,256,277,204,192,216,161,324,291,274,302,245,47,102,64,20,251,14,80,258,94,225,281,34,301,5,56,289,10,195,51,1,22,0
284;483;99,336,237,211,327,315,261,294,177,297,171,332,346,173,284,322,210,347,88,158,69,159,106,243,42,155,17,23,34,176,143,225,281,75,46,296,289,10,195,190,85,48,1,51,77,22,0
284;483,297;211,177,297,284,210,106,42,23,34,225,281,289,195,10,1,51,22,0
284;483,297,31;211,284,210,106,42,23,195,51,1,22,0
284;483,297,31,13;284,210,106,42,23,195,51,1,22,0
285;1751;229,285,217,179,152,308,219,240,291,167,250,2,223,113,41,26,268,107,28,126,197,33,349,165,243,286,17,224,175,301,299,189,122,19,127,53,8,75,46,280,30,84,296,289,146,10,195,190,85,48,1,51,77,22,0
285;1751,83;285,217,179,152,240,167,291,299,19,127,53,8,175,301,289,190,48,10,195,77,1,22,51,0
286;20;28,126,246,54,349,165,286,224,175,301,299,189,122,19,258,127,94,53,8,75,46,30,84,296,289,146,10,195,190,85,48,1,51,77,22,0
286;20,1899;286,224,301,296,190,85,10,195,77,1,51,22,0
287;25;287,169,235,209,153,271,257,318,293,186,312,338,317,344,277,142,171,305,269,161,300,324,275,274,302,307,245,180,82,47,102,184,290,156,83,130,4,221,272,196,170,20,148,140,251,14,80,158,69,159,106,42,23,175,301,189,122,225,258,281,94,182,5,56,296,289,146,10,195,190,85,48,1,51,77,22,0
288;110;78,81,50,188,45,103,125,38,118,86,230,311,172,253,205,333,57,108,52,288,238,124,98,65,194,327,71,331,132,105,87,312,177,152,297,228,256,295,344,183,147,192,277,320,216,161,322,300,167,324,274,210,302,202,36,41,26,239,226,145,197,33,170,148,251,14,80,165,243,286,17,224,34,143,19,127,53,8,280,84,296,10,190,85,1,51,77,22,0
288;110,502;288,65,194,331,105,132,87,256,295,183,192,216,161,167,300,324,274,302,202,41,26,239,226,170,148,251,14,80,197,33,165,19,127,53,8,243,17,280,84,296,190,10,85,1,77,51,22,0
289;84;246,54,176,299,189,143,122,19,225,258,281,127,94,53,8,75,46,296,289,146,10,195,190,85,48,1,51,77,22,0
289;84,297;258,94,225,281,289,10,195,1,51,22,0
289;84,297,5;289,10,195,51,1,22,0
290;682;180,82,290,83,130,4,20,158,69,159,106,42,23,176,189,143,122,225,258,281,94,75,46,56,296,289,146,10,195,190,85,48,1,51,77,22,0
290;682,13;290,83,130,4,159,106,42,23,20,258,94,225,281,56,289,146,195,10,48,1,51,22,0
291;1751;229,285,217,179,152,308,219,240,291,167,250,2,223,113,41,26,268,107,28,126,197,33,349,165,243,286,17,224,175,301,299,189,122,19,127,53,8,75,46,280,30,84,296,289,146,10,195,190,85,48,1,51,77,22,0
291;1751,297;217,152,291,301,289,10,195,1,22,51,0
291;1751,297,13;291,301,289,10,195,1,51,22,0
292;532;15,282,9,214,134,292,25,168,119,329,123,293,27,186,315,135,294,218,131,177,297,228,317,104,204,277,200,320,216,141,332,346,284,241,31,291,275,210,302,199,6,290,83,130,4,208,109,64,221,272,196,20,69,159,106,42,155,23,175,34,301,225,258,281,94,75,46,182,5,56,289,146,10,195,85,48,1,51,77,22,0
292;532,396;292,168,119,123,293,186,315,218,177,228,317,200,277,141,332,346,320,284,275,291,210,302,199,6,290,83,130,4,64,221,272,20,159,69,106,42,23,155,34,175,258,301,94,182,5,56,289,146,195,10,48,85,51,1,77,22,0
293;1096;73,72,100,21,334,37,15,110,9,333,134,32,341,304,25,133,98,123,71,16,293,27,186,264,135,131,317,104,295,204,192,277,320,216,275,274,210,302,88,69,42,17,23,281,75,46,195,85,51,77,22,0
293;1096,147;293,186,317,277,275,302,69,42,23,281,195,85,51,77,22,0
294;182;294,297,141,346,208,109,221,272,196,347,88,158,69,159,106,243,42,155,17,23,175,34,301,225,281,75,46,182,5,56,296,289,146,10,195,190,85,48,1,51,77,22,0
295;1677;18,100,129,21,125,3,29,7,333,57,32,343,108,133,98,123,194,71,16,331,105,87,131,104,295,147,192,277,320,216,274,210,302,26,126,33,165,17,224,53,8,75,46,84,190,85,77,22,0
295;1677,196;295,192,274,302,33,165,17,84,190,85,77,22,0
296;84;246,54,176,299,189,143,122,19,225,258,281,127,94,53,8,75,46,296,289,146,10,195,190,85,48,1,51,77,22,0
296;84,1899;296,190,10,85,195,1,77,51,22,0
297;182;294,297,141,346,208,109,221,272,196,347,88,158,69,159,106,243,42,155,17,23,175,34,301,225,281,75,46,182,5,56,296,289,146,10,195,190,85,48,1,51,77,22,0
297;182,708;297,243,17,75,46,296,85,190,1,77,22,0
298;304;298,229,285,217,179,152,259,308,204,216,219,240,291,167,250,2,220,62,223,113,41,26,268,107,196,197,33,20,243,17,175,301,299,189,122,19,225,281,127,53,8,75,46,182,5,280,30,56,84,296,289,146,10,195,190,85,48,1,51,77,22,0
299;84;246,54,176,299,189,143,122,19,225,258,281,127,94,53,8,75,46,296,289,146,10,195,190,85,48,1,51,77,22,0
299;84,134;299,19,127,53,8,289,296,146,190,10,85,195,48,1,77,51,22,0
300;633;89,115,129,21,60,38,86,97,96,57,343,117,108,98,65,123,71,16,331,132,105,87,317,256,147,192,277,320,216,300,324,274,210,302,226,54,148,14,80,224,19,94,53,8,10,190,51,77,22,0
300;633,550;300,324,302,148,14,80,94,10,190,51,77,22,0
301;122;196,246,54,175,301,299,189,122,19,225,258,281,127,94,53,8,75,46,182,5,56,296,289,146,10,195,190,85,48,1,51,77,22,0
301;122,1899;301,296,10,195,190,85,1,77,51,22,0
302;1906;58,74,97,7,9,117,25,108,133,105,87,131,317,104,192,320,216,302,8,46,77,0
302;1906,67;302,77,0
303;1291;229,303,276,306,183,308,219,171,193,202,339,36,47,102,223,113,41,26,239,226,197,33,170,148,140,251,14,80,243,155,17,34,176,299,143,19,225,281,127,53,8,5,280,56,84,296,289,146,10,195,190,85,48,1,51,77,22,0
303;1291,589;303,276,306,183,219,171,193,202,223,113,41,26,239,226,170,148,140,251,14,80,197,33,19,127,53,8,243,17,176,143,280,84,296,146,190,10,48,85,1,77,51,22,0
304;1189;45,13,118,313,342,304,343,124,329,327,120,71,16,312,177,152,297,228,259,183,204,216,322,167,274,210,246,54,299,143,122,19,225,258,281,127,94,53,8,75,46,289,10,195,190,85,1,51,77,22,0
304;1189,388;304,71,16,204,216,274,210,94,281,10,195,51,22,0
305;729;305,269,300,324,275,302,307,245,199,6,47,102,164,63,184,290,156,83,130,4,64,196,197,33,170,20,148,140,251,14,80,349,165,158,69,159,106,42,155,23,175,34,301,225,258,281,94,182,5,280,30,56,84,296,289,146,10,195,190,85,48,1,51,77,22,0
306;77;270,209,252,312,306,183,219,142,171,173,161,274,47,102,239,226,246,54,170,148,140,251,14,80,176,299,189,143,122,19,225,258,281,127,94,53,8,5,56,296,289,146,10,195,190,85,48,1,51,77,22,0
306;77,389;252,306,183,219,171,239,226,170,148,140,251,14,80,299,19,127,53,8,289,296,146,10,190,195,48,85,1,51,77,22,0
306;77,389,83;306,183,171,239,226,148,140,251,14,80,299,19,127,53,8,289,10,190,195,48,1,51,77,22,0
307;455;307,245,47,102,239,226,196,246,54,170,148,140,251,14,80,175,301,299,189,122,19,225,258,281,127,94,53,8,182,5,56,296,289,146,10,195,190,85,48,1,51,77,22,0
308;842;308,347,88,158,69,159,106,243,42,155,17,23,34,176,143,225,281,75,46,296,289,146,10,195,190,85,48,1,51,77,22,0
309;934;154,328,335,309,262,237,327,252,315,177,200,332,173,284,322,210,180,82,290,83,130,4,20,158,69,159,106,42,23,176,189,143,122,225,258,281,94,75,46,56,296,289,146,10,195,190,85,48,1,51,77,22,0
309;934,467;309,262,173,284,322,210,180,82,290,83,130,4,158,69,159,106,42,23,20,258,94,176,143,189,122,56,289,296,146,195,10,85,48,190,1,51,77,22,0
310;106;310,116,339,36,220,62,223,113,41,208,26,109,197,33,20,243,155,17,34,176,299,143,19,225,281,127,53,8,75,46,182,5,280,56,84,296,289,146,10,195,190,85,48,1,51,77,22,0
311;708;35,81,95,188,45,13,90,118,3,311,7,248,172,253,205,57,32,108,133,162,238,124,194,327,120,71,16,331,105,87,312,131,177,152,297,228,104,295,183,147,192,320,216,322,167,274,210,302,2,41,26,107,145,28,126,197,33,349,165,243,286,17,224,143,122,127,53,8,75,46,280,30,84,296,190,85,1,77,22,0
311;708,61;311,253,194,331,105,87,312,295,297,183,192,216,167,274,302,41,26,197,33,165,243,17,127,53,8,280,84,296,190,85,77,1,22,0
312;1189;45,13,118,313,342,304,343,124,329,327,120,71,16,312,177,152,297,228,259,183,204,216,322,167,274,210,246,54,299,143,122,19,225,258,281,127,94,53,8,75,46,289,10,195,190,85,1,51,77,22,0
312;1189,121;312,274,225,281,122,289,10,190,195,85,1,77,51,22,0
313;1189;45,13,118,313,342,304,343,124,329,327,120,71,16,312,177,152,297,228,259,183,204,216,322,167,274,210,246,54,299,143,122,19,225,258,281,127,94,53,8,75,46,289,10,195,190,85,1,51,77,22,0
313;1189,70;313,304,124,71,152,259,204,183,216,167,322,274,210,299,19,127,53,8,225,281,143,122,289,10,190,195,85,1,77,51,22,0
314;6;234,314,246,54,176,299,189,143,122,19,225,258,281,127,94,53,8,75,46,280,30,84,296,289,146,10,195,190,85,48,1,51,77,22,0
314;6,115;234,314,176,143,280,30,84,296,289,146,190,85,10,195,48,77,1,51,22,0
314;6,115,284;314,176,143,280,30,84,296,190,85,48,1,77,22,0
315;483;99,336,237,211,327,315,261,294,177,297,171,332,346,173,284,322,210,347,88,158,69,159,106,243,42,155,17,23,34,176,143,225,281,75,46,296,289,10,195,190,85,48,1,51,77,22,0
315;483,13;315,294,177,297,332,171,346,284,210,159,106,42,23,155,34,225,281,289,195,10,48,1,51,22,0
316;291;334,325,333,260,316,169,52,153,98,191,318,293,186,264,312,294,297,338,317,256,295,344,192,277,141,171,305,269,346,161,300,324,275,274,302,307,245,47,102,184,156,208,109,221,272,196,347,88,170,148,140,251,14,80,158,69,159,106,243,42,155,17,23,175,34,301,225,281,182,5,56,296,289,146,10,195,190,85,48,1,51,77,22,0
316;291,83;316,52,98,294,312,297,317,344,256,277,171,192,346,161,300,324,274,302,307,245,47,102,109,196,140,148,251,14,80,175,155,301,34,225,281,182,5,56,289,10,195,48,190,51,1,77,22,0
317;1906;58,74,97,7,9,117,25,108,133,105,87,131,317,104,192,320,216,302,8,46,77,0
317;1906,25;317,302,77,0
318;226;318,293,186,338,317,344,277,171,305,269,300,324,275,302,307,245,199,6,47,102,184,290,156,83,130,4,64,221,272,196,170,20,148,140,251,14,80,158,69,159,106,42,155,23,175,34,301,225,258,281,94,182,5,56,296,289,146,10,195,190,85,48,1,51,77,22,0
319;1191;319,136,207,247,253,99,313,304,276,181,178,124,71,261,179,294,152,297,259,183,204,216,171,332,346,173,322,167,210,339,36,113,41,26,314,197,33,243,155,17,34,176,299,143,19,225,281,127,53,8,75,46,280,84,296,289,10,195,190,85,48,1,51,77,22,0
320;1906;58,74,97,7,9,117,25,108,133,105,87,131,317,104,192,320,216,302,8,46,77,0
320;1906,132;320,302,77,0
321;1742;321,294,297,308,141,346,208,109,221,272,196,347,88,158,69,159,106,243,42,155,17,23,175,34,301,225,281,75,46,182,5,56,296,289,146,10,195,190,85,48,1,51,77,22,0
322;483;99,336,237,211,327,315,261,294,177,297,171,332,346,173,284,322,210,347,88,158,69,159,106,243,42,155,17,23,34,176,143,225,281,75,46,296,289,10,195,190,85,48,1,51,77,22,0
322;483,708;327,177,297,322,210,243,17,143,75,46,296,85,190,1,77,22,0
322;483,708,239;322,210,143,296,85,190,1,77,22,0
323;1566;323,205,237,327,27,315,135,131,177,104,308,147,200,320,332,284,322,275,210,302,199,6,164,63,290,83,130,4,64,203,145,28,126,197,33,20,349,165,158,69,159,106,42,286,155,23,224,34,176,143,258,94,75,46,182,5,280,30,56,84,296,289,146,10,195,190,85,48,1,51,77,22,0
324;759;40,74,12,86,110,117,25,108,133,132,264,135,87,317,104,192,320,216,324,302,80,23,51,0
324;759,67;324,302,80,23,51,0
325;1899;326,50,188,139,118,334,325,278,279,333,341,52,153,119,238,98,211,123,191,217,318,293,186,264,312,177,152,297,228,317,256,295,344,147,192,277,320,305,269,161,284,300,291,324,275,274,210,302,184,156,347,88,170,148,251,14,80,158,69,106,243,42,286,17,23,224,34,301,296,10,195,190,85,1,51,77,22,0
325;1899,13;325,153,52,119,98,123,318,186,264,312,177,317,297,228,344,256,277,192,320,269,161,284,324,291,274,210,302,184,156,251,14,80,106,42,23,34,301,10,195,51,1,22,0
326;1899;326,50,188,139,118,334,325,278,279,333,341,52,153,119,238,98,211,123,191,217,318,293,186,264,312,177,152,297,228,317,256,295,344,147,192,277,320,305,269,161,284,300,291,324,275,274,210,302,184,156,347,88,170,148,251,14,80,158,69,106,243,42,286,17,23,224,34,301,296,10,195,190,85,1,51,77,22,0
327;483;99,336,237,211,327,315,261,294,177,297,171,332,346,173,284,322,210,347,88,158,69,159,106,243,42,155,17,23,34,176,143,225,281,75,46,296,289,10,195,190,85,48,1,51,77,22,0
327;483,708;327,177,297,322,210,243,17,143,75,46,296,85,190,1,77,22,0
328;934;154,328,335,309,262,237,327,252,315,177,200,332,173,284,322,210,180,82,290,83,130,4,20,158,69,159,106,42,23,176,189,143,122,225,258,281,94,75,46,56,296,289,146,10,195,190,85,48,1,51,77,22,0
328;934,841;328,335,252,315,177,200,332,284,210,290,83,130,4,159,106,42,23,20,258,94,225,281,56,289,146,195,10,48,1,51,22,0
329;1189;45,13,118,313,342,304,343,124,329,327,120,71,16,312,177,152,297,228,259,183,204,216,322,167,274,210,246,54,299,143,122,19,225,258,281,127,94,53,8,75,46,289,10,195,190,85,1,51,77,22,0
329;1189,13;329,312,297,228,177,204,216,274,210,258,94,225,281,289,10,195,1,51,22,0
330;1274;231,330,335,215,178,336,211,252,261,200,332,173,284,322,210,49,164,63,268,107,234,314,347,88,197,33,158,69,159,106,243,42,17,23,176,189,143,122,225,281,75,46,280,30,84,296,289,146,10,195,190,85,48,1,51,77,22,0
330;1274,589;330,252,261,173,322,210,268,107,234,314,197,33,243,17,176,189,143,122,280,30,84,296,146,85,190,48,10,1,77,51,22,0
331;1677;18,100,129,21,125,3,29,7,333,57,32,343,108,133,98,123,194,71,16,331,105,87,131,104,295,147,192,277,320,216,274,210,302,26,126,33,165,17,224,53,8,75,46,84,190,85,77,22,0
331;1677,83;343,98,331,105,87,192,216,277,274,302,53,8,190,77,22,0
331;1677,83,16;331,105,87,192,216,274,302,53,8,190,77,22,0
332;1012;308,200,332,180,82,290,83,130,4,196,20,158,69,159,106,42,23,175,301,189,122,225,258,281,94,75,46,182,5,56,296,289,146,10,195,190,85,48,1,51,77,22,0
332;1012,284;332,189,122,75,46,296,48,85,190,1,77,22,0
333;1677;18,100,129,21,125,3,29,7,333,57,32,343,108,133,98,123,194,71,16,331,105,87,131,104,295,147,192,277,320,216,274,210,302,26,126,33,165,17,224,53,8,75,46,84,190,85,77,22,0
333;1677,291;333,98,295,192,277,274,302,17,190,85,77,22,0
334;1096;73,72,100,21,334,37,15,110,9,333,134,32,341,304,25,133,98,123,71,16,293,27,186,264,135,131,317,104,295,204,192,277,320,216,275,274,210,302,88,69,42,17,23,281,75,46,195,85,51,77,22,0
334;1096,291;334,333,98,293,264,186,317,295,192,277,275,274,302,88,69,42,23,17,281,195,85,51,77,22,0
335;1769;335,244,252,200,141,332,346,28,126,347,88,349,165,158,69,159,106,243,42,286,155,17,23,224,175,34,301,75,46,30,84,296,289,146,10,195,190,85,48,1,51,77,22,0
336;483;99,336,237,211,327,315,261,294,177,297,171,332,346,173,284,322,210,347,88,158,69,159,106,243,42,155,17,23,34,176,143,225,281,75,46,296,289,10,195,190,85,48,1,51,77,22,0
336;483,993;336,211,261,173,284,322,210,347,88,158,69,159,106,42,23,243,17,176,143,296,195,85,10,190,48,1,51,77,22,0
337;284;138,273,136,67,337,90,265,207,3,157,7,172,99,57,32,108,276,133,181,162,267,238,178,124,194,120,71,16,331,105,261,87,179,131,242,152,104,295,183,147,192,320,216,171,332,346,173,322,43,167,274,210,302,250,2,113,41,26,268,107,11,314,203,145,28,126,197,33,349,165,243,286,17,224,176,189,143,122,127,53,8,75,46,280,30,84,296,190,85,48,1,77,22,0
337;284,502;337,162,276,267,194,331,105,87,295,183,192,216,43,171,167,274,302,250,2,113,41,26,268,107,11,197,33,349,165,243,17,189,122,127,53,8,280,30,84,296,190,85,48,77,1,22,0
338;226;318,293,186,338,317,344,277,171,305,269,300,324,275,302,307,245,199,6,47,102,184,290,156,83,130,4,64,221,272,196,170,20,148,140,251,14,80,158,69,159,106,42,155,23,175,34,301,225,258,281,94,182,5,56,296,289,146,10,195,190,85,48,1,51,77,22,0
338;226,305;338,344,277,305,269,171,300,275,324,302,184,156,170,140,148,251,14,80,158,159,69,106,42,23,296,10,195,48,51,190,85,1,77,22,0
339;442;339,36,223,113,41,26,197,33,243,155,17,34,176,299,143,19,225,281,127,53,8,75,46,280,84,296,289,146,10,195,190,85,48,1,51,77,22,0
340;404;340,338,344,277,305,269,300,324,275,302,307,245,199,6,47,102,164,63,184,290,156,83,130,4,64,196,197,33,170,20,148,140,251,14,80,349,165,158,69,159,106,42,155,23,175,34,301,225,258,281,94,182,5,280,30,56,84,296,289,146,10,195,190,85,48,1,51,77,22,0
341;1096;73,72,100,21,334,37,15,110,9,333,134,32,341,304,25,133,98,123,71,16,293,27,186,264,135,131,317,104,295,204,192,277,320,216,275,274,210,302,88,69,42,17,23,281,75,46,195,85,51,77,22,0
341;1096,993;341,264,295,192,320,275,210,274,302,88,69,42,23,17,195,85,51,77,22,0
342;1189;45,13,118,313,342,304,343,124,329,327,120,71,16,312,177,152,297,228,259,183,204,216,322,167,274,210,246,54,299,143,122,19,225,258,281,127,94,53,8,75,46,289,10,195,190,85,1,51,77,22,0
342;1189,94;342,343,329,259,297,228,204,216,167,246,54,299,19,127,53,8,258,94,225,281,75,46,289,10,190,195,85,1,77,51,22,0
343;1677;18,100,129,21,125,3,29,7,333,57,32,343,108,133,98,123,194,71,16,331,105,87,131,104,295,147,192,277,320,216,274,210,302,26,126,33,165,17,224,53,8,75,46,84,190,85,77,22,0
343;1677,94;343,216,53,8,75,46,190,85,77,22,0
344;226;318,293,186,338,317,344,277,171,305,269,300,324,275,302,307,245,199,6,47,102,184,290,156,83,130,4,64,221,272,196,170,20,148,140,251,14,80,158,69,159,106,42,155,23,175,34,301,225,258,281,94,182,5,56,296,289,146,10,195,190,85,48,1,51,77,22,0
344;226,110;344,277,300,324,302,170,148,251,14,80,34,296,10,51,190,85,1,77,22,0
345;63;345,103,125,201,230,311,247,253,333,260,233,303,316,276,52,270,232,266,288,98,263,65,194,331,132,105,87,312,294,297,306,259,256,295,344,183,204,192,277,216,141,171,346,240,161,300,291,167,310,116,324,274,302,307,245,193,202,339,36,47,102,220,62,223,113,41,208,26,109,239,226,221,272,196,197,33,170,20,148,140,251,14,80,165,243,155,17,175,34,301,299,19,225,281,127,53,8,182,5,280,56,84,296,289,146,10,195,190,85,48,1,51,77,22,0
346;182;294,297,141,346,208,109,221,272,196,347,88,158,69,159,106,243,42,155,17,23,175,34,301,225,281,75,46,182,5,56,296,289,146,10,195,190,85,48,1,51,77,22,0
346;182,284;346,243,17,75,46,296,48,85,190,1,77,22,0
347;116;347,88,158,69,159,106,243,42,155,17,23,34,176,143,225,281,75,46,296,289,146,10,195,190,85,48,1,51,77,22,0
348;1605;348,255,90,330,163,3,157,7,172,57,32,108,133,181,162,238,124,194,120,71,252,16,331,105,261,87,179,131,242,152,104,295,183,147,192,320,216,219,173,160,322,43,167,274,210,302,250,2,223,113,41,26,268,107,149,11,234,314,203,145,28,126,197,33,349,165,243,286,17,224,176,189,143,122,127,53,8,75,46,280,30,84,296,146,190,85,48,1,77,22,0
349;20;28,126,246,54,349,165,286,224,175,301,299,189,122,19,258,127,94,53,8,75,46,30,84,296,289,146,10,195,190,85,48,1,51,77,22,0
349;20,201;349,165,30,84,296,289,146,190,85,10,48,195,77,1,51,22,0
