[[0.7749931812286377, 0.8343257904052734, 0.9404165744781494, 1.2495646476745605, 1.532299280166626, 1.9122223854064941],
[0.2660338878631592, 1.2979021072387695, 1.401031494140625, 1.512359619140625, 1.6037592887878418],
[0.4598870277404785, 1.2540805339813232],
[0.35948777198791504, 1.1954402923583984],
[0.4365396499633789, 0.9411365985870361],
[0.06213951110839844, 0.26607799530029297, 1.2038681507110596],
[0.2243790626525879, 1.124859094619751, 1.3802120685577393],
[0.057000160217285156, 0.19640064239501953, 1.3714268207550049, 1.575632095336914],
[0.04687356948852539, 0.1093740463256836, 1.4605250358581543, 1.6300323009490967],
[0.6271045207977295, 1.4605803489685059],
[0.1175696849822998, 1.0795352458953857],
[0.48807597160339355, 1.1860721111297607, 1.211388349533081],
[0.2827019691467285, 0.9728214740753174],
[0.1876201629638672, 1.0005199909210205, 1.0474276542663574],
[0.0468752384185791, 0.1562502384185791],
[0.3906247615814209, 1.2034335136413574, 1.26580810546875, 1.3642852306365967],
[0.42295360565185547, 1.0630581378936768, 1.2703227996826172, 1.5712683200836182, 1.9027855396270752],
[0.06282830238342285, 0.0932004451751709],
[0.3926734924316406, 1.2124464511871338],
[0.21886062622070312, 1.091172218322754, 1.2781684398651123, 1.58663010597229, 1.6361429691314697, 1.5904340744018555],
[0.09424233436584473, 0.145646333694458],
[0.0742638111114502, 0.3769521713256836, 1.3659839630126953, 1.3446719646453857],
[0.03069758415222168, 0.24854040145874023, 1.280306339263916],
[0.41016197204589844, 1.1834111213684082, 1.4870309829711914, 1.4666643142700195, 1.4668662548065186],
[0.0625002384185791, 0.12127089500427246],
[0.004503488540649414, 0.09375619888305664, 1.1154837608337402, 1.2262685298919678],
[0.06504154205322266, 0.07607150077819824],
[0.0629873275756836, 0.10988330841064453, 0.2197432518005371, 1.3503212928771973],
[0.015672922134399414, 0.04686880111694336, 1.000441551208496],
[0.34542179107666016, 1.1763098239898682, 1.109802007675171, 1.2355785369873047],
[0.03125166893005371, 0.15624523162841797],
[0.03125739097595215, 0.062493085861206055],
[0.29687952995300293, 0.9374687671661377, 1.0161998271942139],
[0.07812380790710449, 0.3125, 1.265620231628418, 1.2978663444519043, 1.4683704376220703, 1.6250195503234863, 1.7194538116455078, 1.8751745223999023],
[0.031249284744262695, 0.04687786102294922, 0.12499809265136719, 1.2347416877746582, 1.3440771102905273, 1.4502992630004883],
[0.2031238079071045, 0.9380552768707275, 1.0937659740447998, 1.219325304031372, 1.4063093662261963, 1.578399896621704],
[0.031245708465576172, 0.015624046325683594],
[0.031249523162841797, 0.04726433753967285, 0.1406245231628418, 1.2038159370422363, 1.3594465255737305, 1.453338623046875],
[0.09389686584472656],
[0.3437521457672119, 1.047093152999878, 1.125199317932129],
[0.062496185302734375, 0.26563024520874023],
[0.04687356948852539, 0.046877384185791016, 0.10936689376831055],
[0.04688239097595215, 0.1874983310699463],
[0.3750002384185791, 1.1411960124969482, 1.20320725440979],
[0.20325279235839844],
[0.046883583068847656, 0.07812213897705078],
[0.1718747615814209, 0.9532411098480225, 1.0635874271392822],
[0.046877145767211914, 0.03125643730163574],
[0.04686689376831055, 0.1562504768371582],
[0.07809638977050781],
[0.04704999923706055, 0.0468745231628418],
[0.484724760055542, 0.9846408367156982, 1.0631585121154785, 1.1879653930664062, 1.3750922679901123, 1.5478224754333496, 1.781632661819458, 1.9223074913024902, 2.0474143028259277, 2.1096158027648926, 2.2039618492126465],
[0.2812180519104004, 1.172703742980957, 1.094648838043213, 1.2033016681671143, 1.3752782344818115, 1.4845366477966309, 1.625173807144165, 2.0786798000335693],
[0.046874284744262695, 0.12509846687316895],
[0.015640974044799805, 0.07812142372131348, 1.0312778949737549],
[0.06250286102294922],
[0.09375596046447754, 0.07808899879455566],
[0.04687905311584473, 0.031248092651367188, 0.15627503395080566, 1.2973408699035645, 1.2969205379486084, 1.4067444801330566, 1.547071933746338, 1.8438940048217773],
[0.09374547004699707, 0.7970218658447266],
[0.07811951637268066],
]